844 845
39 42
32 882
3063 3118
2136 2137
1050 1052
2780 2782
2425 2426
259 775
1265 1267
320 546
1717 1718
577 1140
1776 1777
441 2386
1535 1537
62 1135
1894 1895
2006 2009
1163 1164
1061 1062
2539 3034
259 3240
1048 1052
942 943
2467 2468
189 191
568 1366
787 2826
2592 2595
1503 1505
755 1550
870 872
632 2033
814 817
444 445
125 127
329 330
1645 1648
357 3213
293 589
610 1348
2425 2427
1361 1362
1348 1349
1096 1097
524 527
1126 1128
3101 3103
646 650
871 872
1257 1258
1581 1583
161 162
2018 3248
629 701
982 986
3025 3026
3003 3005
1233 1234
250 252
670 673
95 1181
1386 1642
568 570
577 774
713 714
441 2867
2799 3095
475 554
300 1174
3067 3070
1243 1244
202 1791
1286 1287
1350 1351
67 68
1449 1755
1839 1841
498 501
211 1796
978 979
229 1114
170 798
1317 1379
874 875
1918 2832
1984 1986
60 2405
824 826
3231 3233
1049 1050
2660 2848
789 791
305 495
1125 1129
40 415
374 376
142 203
755 1821
160 1302
1838 1841
1176 1436
314 1176
302 1530
35 1662
892 896
2280 2283
7 1492
1650 2446
638 1855
636 2925
970 974
466 1148
1583 1585
60 2517
2985 2986
1669 1888
957 1235
86 2658
330 2121
2643 2942
1176 1693
547 548
96 2533
160 1078
556 3003
60 1235
2344 2345
5 229
519 523
363 475
293 588
327 328
1460 2479
1109 1823
489 490
1558 1559
49 51
974 2015
3123 3125
1257 1259
853 854
565 566
183 184
1287 1288
294 297
358 1884
704 705
229 2850
933 935
251 1441
2619 2620
889 1419
170 1902
363 1723
195 198
1034 1037
229 743
1318 3047
361 539
925 926
2159 2721
1035 1038
381 383
2186 2190
142 504
243 1107
16 2232
60 213
141 2208
2859 2860
833 835
773 1559
2760 2761
77 3085
209 1184
1187 1188
663 665
609 1176
809 813
17 19
2121 2604
1707 1808
612 615
306 1640
858 3099
227 1103
933 934
1504 1506
1135 1166
327 630
1221 1222
546 1055
355 356
491 744
1110 2830
653 657
1167 2212
2926 2927
490 701
1215 1216
243 1163
72 798
819 821
358 1437
199 1625
820 821
0 1521
139 932
374 2527
125 1395
3 23
1110 1364
259 747
576 1394
345 1027
348 2971
397 1612
235 1466
229 723
1801 2066
682 1025
2036 2039
227 232
32 315
724 729
1248 1250
726 729
92 2758
72 248
160 692
1861 1862
1985 2369
206 1792
280 282
760 1320
1707 1807
1009 1011
1842 1843
259 1396
1218 1220
2269 2272
305 494
2044 2045
3064 3065
878 879
2334 2335
1117 1379
1474 1476
593 594
1858 3150
899 901
1061 2814
228 1375
2468 2469
1989 2496
3117 3120
417 731
1749 1750
206 211
168 1155
73 74
306 1081
378 465
1195 3156
1220 1225
2192 2193
2931 2932
1349 2881
891 1090
442 603
1182 1185
905 1439
2490 2492
577 778
267 1323
1620 1623
2422 2424
1130 2829
40 306
1301 1303
116 1016
2269 2270
1566 1783
1525 1526
2815 2816
613 614
142 309
1624 1626
565 567
1810 1811
2608 2609
374 377
1104 1903
1930 1931
77 758
2784 2786
2767 2768
60 327
228 1632
142 305
2995 2997
306 2327
1710 1897
2249 2251
1127 1178
643 644
8 448
630 1035
72 797
1728 2101
73 98
3023 3024
14 178
2742 2743
1304 1305
2643 2644
2545 2963
357 2681
724 3076
3217 3219
1174 2837
807 808
73 1822
1566 3225
2234 2235
35 854
2211 2222
253 255
1351 1352
493 496
225 2958
7 1400
79 441
160 1122
1503 1506
2205 2206
73 546
22 23
2582 2585
710 711
565 568
186 188
260 453
1422 1424
352 355
394 659
259 2543
2561 3046
1945 1947
570 1957
32 1784
2962 2964
1432 1433
2360 2361
498 500
2559 2560
170 242
1470 1471
1051 2523
1297 1298
1034 1035
728 730
141 2206
1897 1898
2252 2253
2977 2978
438 1873
1201 1203
79 843
1944 1946
5 209
209 1713
1473 1476
2022 2023
2638 2639
446 1404
421 1188
1327 1433
268 701
858 1147
121 122
812 813
1177 1299
2292 2294
2050 2051
90 93
1233 2857
2070 2073
3189 3192
491 1065
556 2983
570 1948
13 2389
2303 2305
127 130
1394 1662
327 550
1354 1356
1009 1010
2773 2774
370 2501
408 547
1003 2556
1304 1306
2128 2130
768 2414
401 2665
59 61
1055 3141
1438 1439
1674 1675
1321 2859
1070 1072
1626 1627
2060 2305
1628 2901
2215 2244
1528 1530
2099 2100
1515 1516
1962 1963
1204 1734
894 896
905 906
1667 1668
128 547
1394 1661
107 109
35 466
380 785
1660 3132
144 275
105 629
842 3055
1464 1465
1647 1977
2450 2452
286 287
60 858
2890 2891
1825 2133
357 732
1163 1327
106 545
123 528
1640 2831
686 1844
3 890
1439 1845
1843 1844
1195 2620
3026 3031
106 172
541 2743
901 1020
421 1189
2236 2238
2950 2953
297 1464
358 1885
408 549
73 1957
2299 2300
160 228
2029 2032
1006 2565
809 810
229 3011
727 729
17 21
470 471
94 96
105 518
1554 1995
81 1903
105 1547
1301 1552
8 890
666 2185
1176 3030
96 1135
546 1602
1120 1122
8 245
1049 1052
157 189
2440 2869
538 1352
106 1204
1321 2860
193 1792
849 851
646 1927
7 891
361 541
825 2276
2915 2917
2231 2233
416 418
267 336
309 311
822 823
421 424
206 1846
1154 1155
225 2959
1 6
389 391
755 1426
2756 2757
632 635
232 1652
491 745
170 241
216 1107
315 316
68 69
187 1533
2857 2858
794 1973
160 1113
40 1055
2099 2701
1383 1384
695 1962
2060 2303
1541 1542
692 1787
3244 3247
2041 2042
2779 2781
633 634
128 1334
370 2499
2025 2027
1566 3224
245 2623
690 741
394 1321
73 1840
349 351
320 321
1680 1681
2209 2211
412 414
2203 2204
893 894
1088 1089
2530 2532
3069 3070
7 1199
1721 2447
245 3052
2356 2358
3129 3131
343 347
2889 2890
63 64
1324 1698
1847 1849
179 2216
731 1264
1788 2932
24 27
1075 1077
1500 1502
354 1984
599 601
409 758
5 139
73 1719
2885 2886
142 1762
2854 2855
134 136
1258 1260
229 2383
1166 1167
1433 2771
351 2552
327 330
282 284
1060 1682
754 2557
2160 2161
179 181
1272 2678
1121 1537
692 887
838 839
1160 1162
1887 1888
2045 2048
273 1264
992 993
142 1017
384 387
768 769
163 1668
1135 1169
2031 2032
1411 2805
680 682
106 879
1248 1249
3033 3034
343 344
1711 1712
62 64
290 291
3052 3053
1142 1145
160 2748
1012 1013
229 504
2363 2888
873 1135
2369 2371
80 441
341 342
1957 2313
218 219
464 1131
726 728
160 1092
1142 1322
170 1467
2300 2301
8 515
2222 2223
632 1415
60 1485
3176 3177
358 2180
2793 2795
47 1245
943 2601
8 264
439 2404
1530 2698
1053 1056
3104 3106
132 2051
107 1470
1478 1479
300 1172
228 606
746 747
210 858
203 2271
943 1882
328 671
702 706
590 592
547 1077
694 1421
2697 2698
354 1080
692 1113
585 586
32 1412
2010 2012
1801 1802
172 173
1871 2104
2546 2548
1378 2577
571 572
697 1887
451 455
83 2843
2 462
1918 2823
227 366
2282 2283
1054 1056
550 593
2678 2699
492 1347
1788 2204
39 40
35 59
2121 2605
2702 2704
2219 2220
219 221
686 687
29 31
729 730
418 3202
2256 2257
2100 2101
725 3255
60 491
1121 1536
561 1977
1414 1415
289 1830
623 624
259 2527
31 314
543 1124
979 980
257 260
1053 1055
1069 2067
2363 2364
2290 2291
233 1354
2019 2020
340 341
1161 1162
60 342
199 1624
697 699
1060 1176
3065 3125
1226 1433
2806 2808
576 1679
1616 1618
917 2943
191 324
2984 2987
362 365
827 1817
1631 1633
1536 1576
2196 2198
2952 2953
507 616
97 1302
3102 3107
972 974
466 467
1553 3127
2946 2948
870 871
107 110
183 2711
271 274
1207 1208
139 2361
60 1091
32 2096
3011 3012
1592 2379
435 1468
522 523
7 406
1875 1876
977 1727
35 1448
1057 1058
209 1176
864 865
1117 1273
725 726
305 493
1029 1032
31 1216
55 380
370 1151
366 1396
2388 2390
324 3190
242 2033
1127 1128
1112 2118
1253 1942
1270 1271
578 1176
73 354
1511 1710
2 112
2506 2508
2231 2232
32 390
972 973
82 589
439 749
561 564
210 3257
2411 2412
2783 2860
1383 3144
2153 2154
667 668
632 1411
3008 3010
1721 1722
2634 2635
7 407
72 503
1350 1352
82 2661
2276 2277
152 646
117 120
28 934
2748 2749
399 400
55 57
2655 2657
560 564
2134 2136
7 415
1 2
62 1592
191 1252
1713 1981
109 110
261 264
573 575
381 382
245 1566
20 1089
577 1280
1252 1357
1105 2442
953 2241
999 2276
76 984
2925 2927
1045 1047
2104 2105
2201 2204
32 1655
2190 2591
2807 2808
616 2678
622 1598
1510 1514
2159 2722
1048 1049
2958 2989
437 438
1489 1491
358 834
627 629
1099 1253
1418 1419
3110 3112
358 1868
803 2440
2983 3006
103 105
649 650
2510 2512
446 683
1011 1245
5 147
33 36
1183 1186
2785 2786
560 561
2761 2817
7 768
210 211
202 623
1860 1861
247 249
129 727
731 1437
1339 1655
75 78
942 946
2352 2354
574 1959
638 1856
1109 1110
1213 1486
2313 2315
216 1424
616 618
599 600
524 526
465 1141
94 926
233 515
1378 1524
35 855
1029 1030
59 60
750 751
16 2231
1083 1085
1460 2209
1464 1466
3187 3188
348 349
351 2553
1452 3157
35 449
3240 3241
578 2677
3 889
334 920
803 1060
1080 1722
2053 2054
1911 1913
117 118
220 1907
2065 2813
202 314
1728 2675
1003 2725
799 801
81 2871
552 820
24 25
204 272
960 962
183 1275
1005 1007
60 2438
267 268
160 1498
2391 2496
3095 3096
558 1309
849 850
1080 1081
1493 3238
1463 3014
48 2630
697 1888
703 704
2442 2444
515 518
876 3215
508 2297
62 2804
595 2358
32 391
380 2000
304 1593
5 146
59 1252
2129 2132
951 952
2232 2233
190 192
242 2035
968 1357
2405 2406
2125 2126
86 2656
264 579
340 342
1032 1811
406 1091
733 2408
76 1798
60 556
1004 2248
1619 1622
60 1016
128 1381
62 409
3186 3188
1122 1123
2757 2758
806 808
3007 3010
731 967
1511 1513
1946 1947
2076 2077
1419 2823
622 2582
2400 2401
77 2065
1629 1630
817 2173
207 210
43 45
1995 1996
1465 2894
570 1748
496 794
1107 1109
1240 1326
363 365
1670 1671
232 1263
1868 1870
2359 3198
2907 2909
2978 2979
743 745
1457 1459
203 229
2326 2327
100 101
1811 3245
498 502
688 691
559 560
2744 2747
166 996
3082 3083
580 581
158 160
1810 1812
3084 3085
2939 3020
226 229
124 128
418 3201
5 692
48 1998
2155 2200
28 2855
1705 3019
566 568
139 420
211 1112
213 244
328 673
2099 2101
191 1251
1091 1710
570 1947
1711 2158
1592 3185
1468 1576
2239 2240
72 305
60 1137
465 468
72 247
2599 2600
651 1596
1163 1509
1456 1458
1758 1759
1313 3038
678 917
697 698
1383 2467
546 1054
552 819
1900 1902
55 784
2701 2707
2201 2202
56 1416
422 423
73 1984
2448 2449
2620 2622
1082 1084
1205 1208
56 57
705 3197
2186 2188
2713 2714
1812 1813
348 2972
1220 1999
2658 3134
3032 3040
472 474
324 354
2531 2532
2939 3019
1228 1229
106 2011
62 1593
800 803
1222 1223
1213 1500
2906 2909
1202 1721
2519 2539
458 1924
56 1417
2524 2526
1317 1377
441 843
2016 2017
300 1173
559 561
62 63
984 1013
675 1050
2321 2322
1789 2755
3060 3061
139 1055
1778 1779
1985 2372
229 491
486 983
378 2233
1660 1662
2336 2650
2976 2978
107 1510
644 645
1681 1683
901 1021
810 812
186 187
1262 1263
2182 2185
7 1078
73 1839
15 16
161 763
8 23
861 862
362 363
1272 1934
2466 2469
529 530
80 229
216 2291
532 535
1069 2068
817 818
268 715
718 719
1745 1747
2950 2952
3211 3212
2439 2440
1312 1313
28 32
716 717
2316 3012
2331 2332
306 630
2688 2820
959 961
764 767
2264 2740
408 548
1408 1410
755 3177
658 659
2074 2076
1411 1412
103 104
7 563
1591 2895
543 1433
60 62
112 1828
245 890
1003 1004
1087 1089
185 446
705 706
988 1932
935 936
561 629
2988 2990
380 2249
1003 2727
265 266
763 2910
588 1443
1612 1818
1254 1255
1951 1952
1912 1913
2381 2382
280 284
546 1290
750 752
857 1714
1702 1705
858 3206
1066 1068
2998 3000
2202 2204
1598 1600
2011 2013
7 312
3052 3054
2266 2268
1202 1203
768 891
3 71
2583 2585
1633 1634
79 2149
1582 1585
1500 1609
1504 1505
60 746
731 1836
305 1770
35 852
262 742
32 1786
1997 1999
67 70
2604 3182
624 625
3218 3220
201 203
1575 1576
1153 1156
233 474
630 3159
2055 2056
3082 3085
2065 3174
106 1732
2070 2614
2440 2868
126 130
1331 1332
491 492
3246 3247
1161 1595
48 51
2569 2571
261 262
87 399
2018 2020
352 353
725 731
1004 1740
363 1872
13 2390
2144 2146
3224 3225
1383 3143
124 129
106 379
636 2926
1433 2750
302 429
540 2070
3058 3059
2993 3122
216 1423
1972 1974
2127 2129
798 2261
1583 1584
2318 2320
1478 1480
636 637
35 740
998 2265
1321 2861
521 523
5 144
1142 1323
156 2710
1153 1155
268 2499
2799 3089
267 465
13 2388
245 2070
106 878
612 614
259 2529
724 730
183 1274
1591 1593
2908 2909
629 1107
1183 1431
2141 2142
838 2321
420 424
3260 3261
2188 2189
2736 2737
157 158
373 374
1035 1844
2679 2680
951 1974
16 378
1554 1557
216 227
3189 3193
2069 2073
320 1292
43 47
2466 2468
217 218
795 796
2692 2820
324 2293
40 1293
455 576
328 504
2897 2898
1449 1754
543 1130
1319 2159
2419 2420
8 2073
105 3114
75 79
546 547
1620 2714
3102 3103
2074 2075
171 536
2577 2580
3117 3118
790 792
707 925
12 16
1272 2452
1104 1386
1713 1980
725 3254
2190 2588
880 1493
379 1428
227 1487
593 1728
192 1234
1013 1015
72 795
639 641
1253 1728
858 3100
7 258
189 193
546 1053
2546 2547
123 1347
1826 1827
1808 1809
701 705
1984 1985
2934 2935
1463 3015
636 1580
546 549
2736 2738
268 731
1240 1242
14 681
1616 1617
366 368
2779 2780
861 1240
2313 2728
1286 1530
1673 1674
78 79
1080 1202
32 1783
2336 2337
2332 2333
947 949
565 569
1370 1372
60 340
903 906
3179 3180
105 1107
1163 1508
223 224
283 2809
747 1650
208 2079
2655 2658
1844 3159
96 2531
918 2932
2793 2794
2302 2303
542 2007
2994 2996
1012 1015
690 1396
35 1991
920 2464
2474 2475
111 2534
62 2803
229 435
630 631
106 436
1680 1682
232 233
345 1028
546 678
1545 1547
14 274
177 735
1268 1270
1031 2383
2319 2320
2128 2131
132 778
2730 2731
289 1831
190 191
1184 1341
798 2260
1619 1621
160 1390
324 2284
905 1438
1202 1720
1456 1457
56 968
441 2717
2190 2590
622 1348
1749 1751
632 979
49 50
178 181
2865 2867
660 661
285 665
327 968
1134 1135
759 761
501 502
105 1665
2313 2597
170 2646
80 320
227 638
378 2032
283 1394
2545 2965
124 170
497 593
53 56
752 754
2190 2941
1937 1938
1858 1859
1393 1395
2761 2810
326 330
112 113
1305 1530
269 1638
2470 2471
1735 1736
1692 1694
2645 2646
648 650
2789 3024
368 407
711 718
1724 1725
1010 1011
1536 2368
229 1349
1232 1234
1643 1644
654 1638
386 387
873 874
2183 2185
69 137
478 820
2175 2554
1556 1557
861 1435
670 671
1539 1541
242 632
1120 1123
445 446
546 968
1174 2834
77 1865
2278 2279
81 83
1549 1550
2799 3096
35 975
2151 2154
157 160
245 768
1548 1549
628 1834
2789 2996
235 2264
2692 2695
2271 2272
3094 3095
1614 1616
136 137
1406 1488
154 707
2671 2672
418 1003
1458 1460
1121 1538
1536 1537
1918 2653
2313 2729
1403 2117
1851 1852
1019 1021
2896 2898
22 27
268 270
901 1018
596 1577
616 2403
2984 2986
417 1267
742 1170
98 678
209 404
103 866
201 204
1972 1975
3125 3126
2456 2458
994 1700
1060 1683
234 237
259 1579
570 2314
2486 2488
202 625
1211 1213
1130 2654
161 1476
222 225
1354 2158
2309 2310
231 1828
77 3084
273 1398
110 2275
316 317
1135 1649
1133 2934
444 447
2958 2959
2388 2389
541 2684
451 727
1519 1520
1801 2878
2479 2488
1107 1891
2213 2981
2173 2175
2104 2106
116 1272
228 462
294 1989
546 731
2820 2821
779 780
1444 1463
701 793
707 1158
1713 1714
563 564
800 802
1053 2038
209 1243
139 589
2685 2687
234 238
548 2939
84 977
857 2660
1004 2135
20 21
509 732
268 2501
1087 1654
259 830
552 553
343 346
1981 1983
1738 1740
692 694
294 462
951 1975
1205 1206
417 685
2322 3239
2906 2908
229 1031
98 101
795 797
228 1295
824 825
844 846
554 556
2989 3002
1604 1824
1672 1675
656 657
2903 2904
466 591
1406 1410
508 509
82 1954
1128 2811
867 1600
294 471
2 115
2903 2905
2484 2485
1550 3177
871 934
690 691
1422 1423
1224 1225
298 1669
235 2741
464 520
1511 1512
150 152
456 458
22 25
228 592
3053 3054
1836 2164
1569 2503
632 3078
546 1606
330 362
1733 1906
1749 1753
7 209
94 97
724 731
714 715
1518 1519
2637 3095
937 939
106 544
54 57
1993 1994
56 179
2007 2008
515 516
1860 1862
1716 1717
772 773
140 143
77 3223
1387 1388
315 1337
1536 1538
596 2506
558 1231
233 1180
702 705
2202 2203
2226 2227
2175 2176
229 659
82 1953
1337 1339
867 2977
60 1139
933 936
1371 3256
154 1130
1515 1517
2340 2343
96 1398
1176 3027
903 905
439 2341
3207 3208
2317 2319
35 1966
622 2437
558 1272
2197 2198
1591 2894
908 1964
216 219
243 2078
206 264
763 1055
1512 1513
2476 2479
191 193
1174 2835
2850 2852
451 715
1639 1640
547 1028
1194 1196
327 969
154 399
5 693
604 605
733 2409
1970 1971
1530 2697
519 2601
48 1372
465 467
406 1256
339 341
857 2123
546 679
2709 2710
499 500
366 1686
2239 2241
324 999
609 758
1562 1563
0 3
85 86
3097 3099
160 3236
258 260
2812 3087
881 882
2593 2594
1461 2396
2084 2085
558 964
2144 2148
264 1831
2690 3241
63 65
546 1292
408 546
1394 1395
320 1108
558 1117
1313 3018
3049 3050
5 1394
943 951
443 444
35 670
455 574
41 42
1405 2610
373 377
306 1419
361 538
2316 3011
1400 1403
3134 3135
3059 3061
2457 2458
1103 2062
1393 1394
2072 2073
2195 2671
210 3258
1470 2734
1656 1658
480 483
610 622
861 1434
1803 1805
19 2856
799 802
106 2013
2286 2287
35 1753
2575 2576
5 2633
2237 2238
145 147
134 138
77 1264
504 1238
375 376
1049 1051
3189 3191
573 574
2739 2740
305 1771
306 2262
462 3237
857 2122
32 1924
593 1420
420 708
3245 3246
5 80
233 1181
1040 1041
1264 1266
2325 2327
3099 3100
125 576
3196 3197
2631 2632
701 703
1055 1056
73 1841
596 2482
206 210
905 908
2408 2410
1359 1579
303 2782
1783 3224
1865 1867
1796 1797
937 938
94 620
1147 1851
2850 2853
705 2134
1497 1499
702 703
294 1673
1482 1483
2813 2814
39 41
815 1796
36 38
958 962
873 876
2788 2792
1039 1955
2399 2401
991 992
2620 2621
425 869
2451 2452
546 571
441 2572
306 354
632 3080
463 464
1604 1607
40 867
1322 1324
2027 2843
1569 1570
751 753
2929 2930
34 281
98 245
952 954
3 891
2020 2022
227 229
1601 1603
306 307
2540 2542
2437 2438
44 47
204 629
543 730
692 884
262 1240
475 476
66 768
609 1422
218 1263
515 1088
451 716
8 11
1117 1272
2664 2665
259 2392
1205 1207
1219 1220
285 664
1082 1085
842 3057
306 1639
1367 1369
464 1573
387 2757
714 1765
78 2375
1529 1530
1581 1584
1700 1701
760 1122
1461 2397
2 460
997 998
1083 1084
1738 1741
540 2072
104 105
2667 2668
2834 2837
478 479
183 186
357 733
2097 2102
362 1294
1510 1596
25 473
3028 3029
192 1230
754 2558
31 1217
28 1430
1104 1642
161 1073
1441 1443
638 2055
1231 1233
73 2079
2069 2071
1126 1129
1238 1297
400 402
2609 3160
990 992
639 640
216 658
1784 1786
231 581
53 57
248 957
918 919
1713 1982
1130 2752
718 2259
2753 2754
32 198
94 622
1013 2603
1833 1835
3201 3202
170 609
229 720
2784 2785
1173 2219
2726 2727
105 325
1625 1627
124 130
574 1124
701 702
1096 1239
1115 1646
480 482
1844 3161
1128 1129
2592 2593
7 1523
742 2954
116 948
788 789
3121 3122
7 1244
2058 2059
2653 2654
273 1803
72 1344
546 1104
755 1539
1092 1093
1567 1569
294 1798
570 2005
35 1450
2966 2967
3118 3119
742 1171
2284 2287
8 450
139 273
82 825
159 161
60 747
2185 2197
2223 2224
2124 2126
1136 1137
320 1290
2190 2490
651 1597
2041 2043
606 607
464 523
216 889
1183 1430
2684 2742
1055 1421
1055 3139
1074 1076
817 1282
0 8
1194 1195
632 2974
13 850
578 2680
2721 2722
13 227
441 1587
1493 1889
259 2544
660 662
574 1960
451 452
2880 2881
152 2919
1340 1341
3027 3030
4 6
759 762
81 1789
512 514
95 97
2499 2501
1265 3022
2264 2739
245 2050
2708 2903
60 154
558 1308
1273 2669
409 756
703 705
478 2308
2353 2355
728 731
1855 1856
425 781
259 260
421 422
1841 2129
2543 2544
105 2393
439 442
1433 2772
755 2723
952 953
3209 3212
1918 2654
1272 1933
7 405
98 318
701 827
1380 1382
974 2515
415 418
32 1331
3236 3237
1029 1376
60 957
2700 2701
202 258
232 1651
1940 1943
35 1449
267 577
1269 1630
2745 2746
1908 1910
654 655
1553 2783
152 2689
2171 2172
2618 2870
130 306
2045 2047
701 829
1386 2347
1241 1242
1060 1061
106 438
1864 1866
466 787
133 198
8 889
892 893
3124 3125
678 1915
2463 2465
451 951
192 1231
1006 2256
1286 1836
1366 1368
507 1815
295 296
1419 1929
250 251
85 358
76 77
0 2
3193 3194
815 817
259 433
227 358
510 514
259 267
1705 3020
25 26
2409 2410
1034 1038
934 1055
3162 3163
867 868
2018 2019
210 273
60 2543
1160 1161
974 1660
387 2756
1161 3260
943 946
273 328
2693 2694
557 558
509 589
95 96
286 288
512 513
1378 2580
229 2880
628 1833
123 529
1374 1376
1359 1580
1085 1086
105 3115
1165 1178
304 305
1055 2874
163 390
1074 1075
378 2030
764 765
2027 2842
942 945
244 246
306 695
376 377
45 46
62 1134
2545 2962
3003 3004
382 383
235 1319
1172 1174
571 1930
366 1688
504 1223
60 139
466 1037
1699 1700
170 1106
1371 1372
179 1090
692 693
747 968
73 1838
556 3004
2967 2968
0 5
216 599
466 468
837 838
1493 3239
1569 2604
37 38
2946 2947
440 441
363 464
268 370
1973 1974
2122 2125
96 561
203 204
80 81
2440 2441
491 2547
294 469
60 2307
548 2938
142 308
401 1527
160 1899
1235 1359
2184 2185
1029 1033
157 302
576 1670
899 902
596 1190
911 3154
1605 1606
62 1495
140 141
696 697
918 2931
2856 2857
654 2397
1461 2395
798 1845
1676 1678
2310 2311
86 2655
330 1753
161 1469
1529 1531
216 220
500 501
3055 3056
97 160
125 130
1253 1934
2379 3183
543 545
1018 1019
2135 2248
297 1465
1251 1252
2194 2195
323 324
170 435
60 1177
238 259
763 2912
2863 2864
7 40
2976 2979
1672 1673
742 2955
139 1562
3105 3106
1305 2440
3021 3022
911 913
659 1122
622 1599
695 846
2922 2924
2313 2598
542 2024
547 1278
2624 2626
692 1790
559 564
77 1668
759 760
1569 1571
415 417
2521 2523
2499 2500
2590 2591
60 891
228 466
1691 1692
491 2548
81 2870
9 10
2107 2110
3226 3227
1319 2160
507 871
134 137
273 327
291 292
187 743
508 2295
1783 1786
2002 2003
107 1596
525 1814
1253 1939
977 1726
142 505
2219 2221
139 1130
2744 2745
1824 1825
1377 1378
68 70
12 13
2252 2255
62 1494
874 876
1500 1501
1184 1186
48 1997
1147 1545
354 1081
1783 2331
1717 1719
1282 1284
179 180
9 1969
1989 2495
1705 2887
60 1711
2983 3003
1090 1508
259 831
1355 1356
183 1276
1157 1158
240 241
2010 2011
204 1441
2269 2271
229 2816
60 2406
1726 1727
2567 2689
877 878
294 690
2050 2052
465 939
2285 2287
578 1256
1546 1547
1067 1068
504 505
1568 1570
804 1102
48 50
170 546
2785 2787
1212 1213
60 2825
543 727
1112 2119
566 570
1980 1982
2018 3165
2686 2687
1235 1544
1587 2677
1549 1551
2921 2924
283 2394
1419 2064
411 412
722 1093
1845 2260
554 555
908 1962
1750 1752
458 1925
234 235
1927 1929
451 1522
2766 2768
1453 1455
852 855
417 1135
2577 2579
16 2233
2091 2093
2502 2503
1467 1468
939 941
2425 2428
1524 1526
245 1439
2467 3144
241 242
231 302
160 161
1082 1086
2303 3164
542 543
72 983
32 1332
1553 1555
73 2314
2219 2253
125 126
160 722
1055 1327
1011 1246
2974 2975
939 940
1596 1597
1103 1487
932 933
692 1383
441 2571
658 1159
1749 1752
441 2716
348 350
1628 2517
1728 1731
128 1382
593 1729
1614 1615
803 1197
2436 2438
410 2222
75 77
1614 1712
497 594
360 361
34 451
2033 2034
576 1212
639 642
161 1055
1294 1295
695 908
2444 2445
465 2360
2212 2214
1176 1690
1308 1309
134 2755
2385 2387
402 761
3262 3263
787 2888
685 686
951 954
2383 2573
570 2004
1624 1625
32 1446
695 697
139 857
271 272
1127 1165
1634 2949
229 2881
1665 1666
2870 2871
34 1005
559 563
358 1414
345 1938
2588 2589
72 986
139 145
3138 3151
1614 1618
1166 1169
1647 1976
2148 2662
40 354
1553 2776
144 146
2398 2400
1269 1629
1744 1745
527 570
28 458
2812 3086
77 3082
324 1252
197 198
305 1344
2866 2867
967 1805
1247 1248
73 1478
149 153
31 312
628 2492
139 2359
2075 2077
35 935
116 834
510 512
1686 1689
2891 2892
2323 2324
1494 1496
259 772
3136 3138
1838 1840
60 2862
632 2973
894 897
1273 1355
546 548
315 1339
211 1949
3063 3064
139 936
66 106
227 1343
595 596
460 464
666 2198
853 855
1283 1284
8 558
576 1671
466 2665
2916 2918
727 728
943 1883
12 2027
2044 2471
1003 1974
206 1791
451 954
3245 3247
504 2384
82 2659
838 2322
1853 1854
2207 2208
1061 1063
1056 1482
125 2097
1930 2609
876 3214
696 698
1371 3257
2384 2430
1913 1914
671 673
871 935
475 477
139 142
2436 2437
1277 1354
8 768
19 20
1524 1525
48 2593
183 188
3234 3235
12 542
735 736
305 496
1955 1956
504 1031
476 478
2186 2189
13 851
1172 1194
1111 1112
2592 2594
1228 3050
38 528
2783 2909
1580 1936
1272 1273
943 2988
675 1051
231 582
736 737
1151 2998
955 957
3000 3093
2243 2244
1143 1144
357 1240
787 2363
1862 2526
198 418
2044 2047
419 421
2701 2704
1691 3139
1581 1582
269 695
60 65
2212 2213
2487 2489
294 1383
2823 3128
32 1785
2527 2529
2123 2126
170 1901
596 2480
1026 1028
1390 1391
2037 2038
446 447
701 704
228 590
2860 2861
2070 3235
1631 1634
2342 2343
96 1386
1518 1521
345 1026
390 2091
14 1123
92 2096
216 217
229 2316
60 155
9 1970
1729 1731
60 2945
283 1393
254 256
546 1105
486 815
303 2780
208 1478
436 437
406 1511
1707 2913
1620 2715
105 2394
60 668
755 1542
2246 2891
1020 1021
765 767
66 152
497 502
1060 1087
1004 2247
1371 3258
227 637
2751 2753
273 1399
574 1776
711 712
1090 1091
107 111
701 706
273 638
2215 2217
2190 2589
40 41
301 1901
2296 2297
2759 2761
1459 1460
2510 2524
1776 1778
419 424
2146 2398
2127 2128
974 1394
1587 1589
315 317
1651 1652
861 1325
125 129
1407 1408
640 1294
40 133
418 987
2289 2291
507 509
3248 3250
1560 1892
2947 2948
2359 3200
84 86
3056 3057
968 1252
294 543
40 1988
2799 2800
327 668
2097 2099
971 974
1558 1561
754 755
2803 2804
506 508
1755 1757
1411 1413
1889 1891
2006 2008
207 209
858 2504
314 1060
193 202
60 1136
28 1293
59 191
1118 1708
2190 2942
358 836
809 811
2497 2498
2130 2131
670 718
509 734
336 2226
511 737
3210 3211
543 1659
2004 2014
228 1633
858 3097
3218 3219
579 1131
259 806
980 981
632 3081
229 2586
33 37
303 305
794 1003
1176 1691
857 2126
385 387
937 941
228 3236
211 1113
60 64
294 3143
529 2115