844 845
39 42
32 882
3063 3118
2136 2137
1050 1052
2780 2782
2425 2426
259 775
1265 1267
320 546
1717 1718
577 1140
1776 1777
441 2386
1535 1537
62 1135
1894 1895
2006 2009
1163 1164
1061 1062
2539 3034
259 3240
1048 1052
942 943
2467 2468
189 191
568 1366
787 2826
2592 2595
1503 1505
755 1550
870 872
632 2033
814 817
444 445
125 127
329 330
1645 1648
357 3213
293 589
610 1348
2425 2427
1361 1362
1348 1349
1096 1097
524 527
1126 1128
3101 3103
646 650
871 872
1257 1258
1581 1583
161 162
2018 3248
629 701
982 986
3025 3026
3003 3005
1233 1234
250 252
670 673
95 1181
1386 1642
568 570
577 774
713 714
441 2867
2799 3095
475 554
300 1174
3067 3070
1243 1244
202 1791
1286 1287
1350 1351
67 68
1449 1755
1839 1841
498 501
211 1796
978 979
229 1114
170 798
1317 1379
874 875
1918 2832
1984 1986
60 2405
824 826
3231 3233
1049 1050
2660 2848
789 791
305 495
1125 1129
40 415
374 376
142 203
755 1821
160 1302
1838 1841
1176 1436
314 1176
302 1530
35 1662
892 896
2280 2283
7 1492
1650 2446
638 1855
636 2925
970 974
466 1148
1583 1585
60 2517
2985 2986
1669 1888
957 1235
86 2658
330 2121
2643 2942
1176 1693
547 548
96 2533
160 1078
556 3003
60 1235
2344 2345
5 229
519 523
363 475
293 588
327 328
1460 2479
1109 1823
489 490
1558 1559
49 51
974 2015
3123 3125
1257 1259
853 854
565 566
183 184
1287 1288
294 297
358 1884
704 705
229 2850
933 935
251 1441
2619 2620
889 1419
170 1902
363 1723
195 198
1034 1037
229 743
1318 3047
361 539
925 926
2159 2721
1035 1038
381 383
2186 2190
142 504
243 1107
16 2232
60 213
141 2208
2859 2860
833 835
773 1559
2760 2761
77 3085
209 1184
1187 1188
663 665
609 1176
809 813
17 19
2121 2604
1707 1808
612 615
306 1640
858 3099
227 1103
933 934
1504 1506
1135 1166
327 630
1221 1222
546 1055
355 356
491 744
1110 2830
653 657
1167 2212
2926 2927
490 701
1215 1216
243 1163
72 798
819 821
358 1437
199 1625
820 821
0 1521
139 932
374 2527
125 1395
3 23
1110 1364
259 747
576 1394
345 1027
348 2971
397 1612
235 1466
229 723
1801 2066
682 1025
2036 2039
227 232
32 315
724 729
1248 1250
726 729
92 2758
72 248
160 692
1861 1862
1985 2369
206 1792
280 282
760 1320
1707 1807
1009 1011
1842 1843
259 1396
1218 1220
2269 2272
305 494
2044 2045
3064 3065
878 879
2334 2335
1117 1379
1474 1476
593 594
1858 3150
899 901
1061 2814
228 1375
2468 2469
1989 2496
3117 3120
417 731
1749 1750
206 211
168 1155
73 74
306 1081
378 465
1195 3156
1220 1225
2192 2193
2931 2932
1349 2881
891 1090
442 603
1182 1185
905 1439
2490 2492
577 778
267 1323
1620 1623
2422 2424
1130 2829
40 306
1301 1303
116 1016
2269 2270
1566 1783
1525 1526
2815 2816
613 614
142 309
1624 1626
565 567
1810 1811
2608 2609
374 377
1104 1903
1930 1931
77 758
2784 2786
2767 2768
60 327
228 1632
142 305
2995 2997
306 2327
1710 1897
2249 2251
1127 1178
643 644
8 448
630 1035
72 797
1728 2101
73 98
3023 3024
14 178
2742 2743
1304 1305
2643 2644
2545 2963
357 2681
724 3076
3217 3219
1174 2837
807 808
73 1822
1566 3225
2234 2235
35 854
2211 2222
253 255
1351 1352
493 496
225 2958
7 1400
79 441
160 1122
1503 1506
2205 2206
73 546
22 23
2582 2585
710 711
565 568
186 188
260 453
1422 1424
352 355
394 659
259 2543
2561 3046
1945 1947
570 1957
32 1784
2962 2964
1432 1433
2360 2361
498 500
2559 2560
170 242
1470 1471
1051 2523
1297 1298
1034 1035
728 730
141 2206
1897 1898
2252 2253
2977 2978
438 1873
1201 1203
79 843
1944 1946
5 209
209 1713
1473 1476
2022 2023
2638 2639
446 1404
421 1188
1327 1433
268 701
858 1147
121 122
812 813
1177 1299
2292 2294
2050 2051
90 93
1233 2857
2070 2073
3189 3192
491 1065
556 2983
570 1948
13 2389
2303 2305
127 130
1394 1662
327 550
1354 1356
1009 1010
2773 2774
370 2501
408 547
1003 2556
1304 1306
2128 2130
768 2414
401 2665
59 61
1055 3141
1438 1439
1674 1675
1321 2859
1070 1072
1626 1627
2060 2305
1628 2901
2215 2244
1528 1530
2099 2100
1515 1516
1962 1963
1204 1734
894 896
905 906
1667 1668
128 547
1394 1661
107 109
35 466
380 785
1660 3132
144 275
105 629
842 3055
1464 1465
1647 1977
2450 2452
286 287
60 858
2890 2891
1825 2133
357 732
1163 1327
106 545
123 528
1640 2831
686 1844
3 890
1439 1845
1843 1844
1195 2620
3026 3031
106 172
541 2743
901 1020
421 1189
2236 2238
2950 2953
297 1464
358 1885
408 549
73 1957
2299 2300
160 228
2029 2032
1006 2565
809 810
229 3011
727 729
17 21
470 471
94 96
105 518
1554 1995
81 1903
105 1547
1301 1552
8 890
666 2185
1176 3030
96 1135
546 1602
1120 1122
8 245
1049 1052
157 189
2440 2869
538 1352
106 1204
1321 2860
193 1792
849 851
646 1927
7 891
361 541
825 2276
2915 2917
2231 2233
416 418
267 336
309 311
822 823
421 424
206 1846
1154 1155
225 2959
1 6
389 391
755 1426
2756 2757
632 635
232 1652
491 745
170 241
216 1107
315 316
68 69
187 1533
2857 2858
794 1973
160 1113
40 1055
2099 2701
1383 1384
695 1962
2060 2303
1541 1542
692 1787
3244 3247
2041 2042
2779 2781
633 634
128 1334
370 2499
2025 2027
1566 3224
245 2623
690 741
394 1321
73 1840
349 351
320 321
1680 1681
2209 2211
412 414
2203 2204
893 894
1088 1089
2530 2532
3069 3070
7 1199
1721 2447
245 3052
2356 2358
3129 3131
343 347
2889 2890
63 64
1324 1698
1847 1849
179 2216
731 1264
1788 2932
24 27
1075 1077
1500 1502
354 1984
599 601
409 758
5 139
73 1719
2885 2886
142 1762
2854 2855
134 136
1258 1260
229 2383
1166 1167
1433 2771
351 2552
327 330
282 284
1060 1682
754 2557
2160 2161
179 181
1272 2678
1121 1537
692 887
838 839
1160 1162
1887 1888
2045 2048
273 1264
992 993
142 1017
384 387
768 769
163 1668
1135 1169
2031 2032
1411 2805
680 682
106 879
1248 1249
3033 3034
343 344
1711 1712
62 64
290 291
3052 3053
1142 1145
160 2748
1012 1013
229 504
2363 2888
873 1135
2369 2371
80 441
341 342
1957 2313
218 219
464 1131
726 728
160 1092
1142 1322
170 1467
2300 2301
8 515
2222 2223
632 1415
60 1485
3176 3177
358 2180
2793 2795
47 1245
943 2601
8 264
439 2404
1530 2698
1053 1056
3104 3106
132 2051
107 1470
1478 1479
300 1172
228 606
746 747
210 858
203 2271
943 1882
328 671
702 706
590 592
547 1077
694 1421
2697 2698
354 1080
692 1113
585 586
32 1412
2010 2012
1801 1802
172 173
1871 2104
2546 2548
1378 2577
571 572
697 1887
451 455
83 2843
2 462
1918 2823
227 366
2282 2283
1054 1056
550 593
2678 2699
492 1347
1788 2204
39 40
35 59
2121 2605
2702 2704
2219 2220
219 221
686 687
29 31
729 730
418 3202
2256 2257
2100 2101
725 3255
60 491
1121 1536
561 1977
1414 1415
289 1830
623 624
259 2527
31 314
543 1124
979 980
257 260
1053 1055
1069 2067
2363 2364
2290 2291
233 1354
2019 2020
340 341
1161 1162
60 342
199 1624
697 699
1060 1176
3065 3125
1226 1433
2806 2808
576 1679
1616 1618
917 2943
191 324
2984 2987
362 365
827 1817
1631 1633
1536 1576
2196 2198
2952 2953
507 616
97 1302
3102 3107
972 974
466 467
1553 3127
2946 2948
870 871
107 110
183 2711
271 274
1207 1208
139 2361
60 1091
32 2096
3011 3012
1592 2379
435 1468
522 523
7 406
1875 1876
977 1727
35 1448
1057 1058
209 1176
864 865
1117 1273
725 726
305 493
1029 1032
31 1216
55 380
370 1151
366 1396
2388 2390
324 3190
242 2033
1127 1128
1112 2118
1253 1942
1270 1271
578 1176
73 354
1511 1710
2 112
2506 2508
2231 2232
32 390
972 973
82 589
439 749
561 564
210 3257
2411 2412
2783 2860
1383 3144
2153 2154
667 668
632 1411
3008 3010
1721 1722
2634 2635
7 407
72 503
1350 1352
82 2661
2276 2277
152 646
117 120
28 934
2748 2749
399 400
55 57
2655 2657
560 564
2134 2136
7 415
1 2
62 1592
191 1252
1713 1981
109 110
261 264
573 575
381 382
245 1566
20 1089
577 1280
1252 1357
1105 2442
953 2241
999 2276
76 984
2925 2927
1045 1047
2104 2105
2201 2204
32 1655
2190 2591
2807 2808
616 2678
622 1598
1510 1514
2159 2722
1048 1049
2958 2989
437 438
1489 1491
358 834
627 629
1099 1253
1418 1419
3110 3112
358 1868
803 2440
2983 3006
103 105
649 650
2510 2512
446 683
1011 1245
5 147
33 36
1183 1186
2785 2786
560 561
2761 2817
7 768
210 211
202 623
1860 1861
247 249
129 727
731 1437
1339 1655
75 78
942 946
2352 2354
574 1959
638 1856
1109 1110
1213 1486
2313 2315
216 1424
616 618
599 600
524 526
465 1141
94 926
233 515
1378 1524
35 855
1029 1030
59 60
750 751
16 2231
1083 1085
1460 2209
1464 1466
3187 3188
348 349
351 2553
1452 3157
35 449
3240 3241
578 2677
3 889
334 920
803 1060
1080 1722
2053 2054
1911 1913
117 118
220 1907
2065 2813
202 314
1728 2675
1003 2725
799 801
81 2871
552 820
24 25
204 272
960 962
183 1275
1005 1007
60 2438
267 268
160 1498
2391 2496
3095 3096
558 1309
849 850
1080 1081
1493 3238
1463 3014
48 2630
697 1888
703 704
2442 2444
515 518
876 3215
508 2297
62 2804
595 2358
32 391
380 2000
304 1593
5 146
59 1252
2129 2132
951 952
2232 2233
190 192
242 2035
968 1357
2405 2406
2125 2126
86 2656
264 579
340 342
1032 1811
406 1091
733 2408
76 1798
60 556
1004 2248
1619 1622
60 1016
128 1381
62 409
3186 3188
1122 1123
2757 2758
806 808
3007 3010
731 967
1511 1513
1946 1947
2076 2077
1419 2823
622 2582
2400 2401
77 2065
1629 1630
817 2173
207 210
43 45
1995 1996
1465 2894
570 1748
496 794
1107 1109
1240 1326
363 365
1670 1671
232 1263
1868 1870
2359 3198
2907 2909
2978 2979
743 745
1457 1459
203 229
2326 2327
100 101
1811 3245
498 502
688 691
559 560
2744 2747
166 996
3082 3083
580 581
158 160
1810 1812
3084 3085
2939 3020
226 229
124 128
418 3201
5 692
48 1998
2155 2200
28 2855
1705 3019
566 568
139 420
211 1112
213 244
328 673
2099 2101
191 1251
1091 1710
570 1947
1711 2158
1592 3185
1468 1576
2239 2240
72 305
60 1137
465 468
72 247
2599 2600
651 1596
1163 1509
1456 1458
1758 1759
1313 3038
678 917
697 698
1383 2467
546 1054
552 819
1900 1902
55 784
2701 2707
2201 2202
56 1416
422 423
73 1984
2448 2449
2620 2622
1082 1084
1205 1208
56 57
705 3197
2186 2188
2713 2714
1812 1813
348 2972
1220 1999
2658 3134
3032 3040
472 474
324 354
2531 2532
2939 3019
1228 1229
106 2011
62 1593
800 803
1222 1223
1213 1500
2906 2909
1202 1721
2519 2539
458 1924
56 1417
2524 2526
1317 1377
441 843
2016 2017
300 1173
559 561
62 63
984 1013
675 1050
2321 2322
1789 2755
3060 3061
139 1055
1778 1779
1985 2372
229 491
486 983
378 2233
1660 1662
2336 2650
2976 2978
107 1510
644 645
1681 1683
901 1021
810 812
186 187
1262 1263
2182 2185
7 1078
73 1839
15 16
161 763
8 23
861 862
362 363
1272 1934
2466 2469
529 530
80 229
216 2291
532 535
1069 2068
817 818
268 715
718 719
1745 1747
2950 2952
3211 3212
2439 2440
1312 1313
28 32
716 717
2316 3012
2331 2332
306 630
2688 2820
959 961
764 767
2264 2740
408 548
1408 1410
755 3177
658 659
2074 2076
1411 1412
103 104
7 563
1591 2895
543 1433
60 62
112 1828
245 890
1003 1004
1087 1089
185 446
705 706
988 1932
935 936
561 629
2988 2990
380 2249
1003 2727
265 266
763 2910
588 1443
1612 1818
1254 1255
1951 1952
1912 1913
2381 2382
280 284
546 1290
750 752
857 1714
1702 1705
858 3206
1066 1068
2998 3000
2202 2204
1598 1600
2011 2013
7 312
3052 3054
2266 2268
1202 1203
768 891
3 71
2583 2585
1633 1634
79 2149
1582 1585
1500 1609
1504 1505
60 746
731 1836
305 1770
35 852
262 742
32 1786
1997 1999
67 70
2604 3182
624 625
3218 3220
201 203
1575 1576
1153 1156
233 474
630 3159
2055 2056
3082 3085
2065 3174
106 1732
2070 2614
2440 2868
126 130
1331 1332
491 492
3246 3247
1161 1595
48 51
2569 2571
261 262
87 399
2018 2020
352 353
725 731
1004 1740
363 1872
13 2390
2144 2146
3224 3225
1383 3143
124 129
106 379
636 2926
1433 2750
302 429
540 2070
3058 3059
2993 3122
216 1423
1972 1974
2127 2129
798 2261
1583 1584
2318 2320
1478 1480
636 637
35 740
998 2265
1321 2861
521 523
5 144
1142 1323
156 2710
1153 1155
268 2499
2799 3089
267 465
13 2388
245 2070
106 878
612 614
259 2529
724 730
183 1274
1591 1593
2908 2909
629 1107
1183 1431
2141 2142
838 2321
420 424
3260 3261
2188 2189
2736 2737
157 158
373 374
1035 1844
2679 2680
951 1974
16 378
1554 1557
216 227
3189 3193
2069 2073
320 1292
43 47
2466 2468
217 218
795 796
2692 2820
324 2293
40 1293
455 576
328 504
2897 2898
1449 1754
543 1130
1319 2159
2419 2420
8 2073
105 3114
75 79
546 547
1620 2714
3102 3103
2074 2075
171 536
2577 2580
3117 3118
790 792
707 925
12 16
1272 2452
1104 1386
1713 1980
725 3254
2190 2588
880 1493
379 1428
227 1487
593 1728
192 1234
1013 1015
72 795
639 641
1253 1728
858 3100
7 258
189 193
546 1053
2546 2547
123 1347
1826 1827
1808 1809
701 705
1984 1985
2934 2935
1463 3015
636 1580
546 549
2736 2738
268 731
1240 1242
14 681
1616 1617
366 368
2779 2780
861 1240
2313 2728
1286 1530
1673 1674
78 79
1080 1202
32 1783
2336 2337
2332 2333
947 949
565 569
1370 1372
60 340
903 906
3179 3180
105 1107
1163 1508
223 224
283 2809
747 1650
208 2079
2655 2658
1844 3159
96 2531
918 2932
2793 2794
2302 2303
542 2007
2994 2996
1012 1015
690 1396
35 1991
920 2464
2474 2475
111 2534
62 2803
229 435
630 631
106 436
1680 1682
232 233
345 1028
546 678
1545 1547
14 274
177 735
1268 1270
1031 2383
2319 2320
2128 2131
132 778
2730 2731
289 1831
190 191
1184 1341
798 2260
1619 1621
160 1390
324 2284
905 1438
1202 1720
1456 1457
56 968
441 2717
2190 2590
622 1348
1749 1751
632 979
49 50
178 181
2865 2867
660 661
285 665
327 968
1134 1135
759 761
501 502
105 1665
2313 2597
170 2646
80 320
227 638
378 2032
283 1394
2545 2965
124 170
497 593
53 56
752 754
2190 2941
1937 1938
1858 1859
1393 1395
2761 2810
326 330
112 113
1305 1530
269 1638
2470 2471
1735 1736
1692 1694
2645 2646
648 650
2789 3024
368 407
711 718
1724 1725
1010 1011
1536 2368
229 1349
1232 1234
1643 1644
654 1638
386 387
873 874
2183 2185
69 137
478 820
2175 2554
1556 1557
861 1435
670 671
1539 1541
242 632
1120 1123
445 446
546 968
1174 2834
77 1865
2278 2279
81 83
1549 1550
2799 3096
35 975
2151 2154
157 160
245 768
1548 1549
628 1834
2789 2996
235 2264
2692 2695
2271 2272
3094 3095
1614 1616
136 137
1406 1488
154 707
2671 2672
418 1003
1458 1460
1121 1538
1536 1537
1918 2653
2313 2729
1403 2117
1851 1852
1019 1021
2896 2898
22 27
268 270
901 1018
596 1577
616 2403
2984 2986
417 1267
742 1170
98 678
209 404
103 866
201 204
1972 1975
3125 3126
2456 2458
994 1700
1060 1683
234 237
259 1579
570 2314
2486 2488
202 625
1211 1213
1130 2654
161 1476
222 225
1354 2158
2309 2310
231 1828
77 3084
273 1398
110 2275
316 317
1135 1649
1133 2934
444 447
2958 2959
2388 2389
541 2684
451 727
1519 1520
1801 2878
2479 2488
1107 1891
2213 2981
2173 2175
2104 2106
116 1272
228 462
294 1989
546 731
2820 2821
779 780
1444 1463
701 793
707 1158
1713 1714
563 564
800 802
1053 2038
209 1243
139 589
2685 2687
234 238
548 2939
84 977
857 2660
1004 2135
20 21
509 732
268 2501
1087 1654
259 830
552 553
343 346
1981 1983
1738 1740
692 694
294 462
951 1975
1205 1206
417 685
2322 3239
2906 2908
229 1031
98 101
795 797
228 1295
824 825
844 846
554 556
2989 3002
1604 1824
1672 1675
656 657
2903 2904
466 591
1406 1410
508 509
82 1954
1128 2811
867 1600
294 471
2 115
2903 2905
2484 2485
1550 3177
871 934
690 691
1422 1423
1224 1225
298 1669
235 2741
464 520
1511 1512
150 152
456 458
22 25
228 592
3053 3054
1836 2164
1569 2503
632 3078
546 1606
330 362
1733 1906
1749 1753
7 209
94 97
724 731
714 715
1518 1519
2637 3095
937 939
106 544
54 57
1993 1994
56 179
2007 2008
515 516
1860 1862
1716 1717
772 773
140 143
77 3223
1387 1388
315 1337
1536 1538
596 2506
558 1231
233 1180
702 705
2202 2203
2226 2227
2175 2176
229 659
82 1953
1337 1339
867 2977
60 1139
933 936
1371 3256
154 1130
1515 1517
2340 2343
96 1398
1176 3027
903 905
439 2341
3207 3208
2317 2319
35 1966
622 2437
558 1272
2197 2198
1591 2894
908 1964
216 219
243 2078
206 264
763 1055
1512 1513
2476 2479
191 193
1174 2835
2850 2852
451 715
1639 1640
547 1028
1194 1196
327 969
154 399
5 693
604 605
733 2409
1970 1971
1530 2697
519 2601
48 1372
465 467
406 1256
339 341
857 2123
546 679
2709 2710
499 500
366 1686
2239 2241
324 999
609 758
1562 1563
0 3
85 86
3097 3099
160 3236
258 260
2812 3087
881 882
2593 2594
1461 2396
2084 2085
558 964
2144 2148
264 1831
2690 3241
63 65
546 1292
408 546
1394 1395
320 1108
558 1117
1313 3018
3049 3050
5 1394
943 951
443 444
35 670
455 574
41 42
1405 2610
373 377
306 1419
361 538
2316 3011
1400 1403
3134 3135
3059 3061
2457 2458
1103 2062
1393 1394
2072 2073
2195 2671
210 3258
1470 2734
1656 1658
480 483
610 622
861 1434
1803 1805
19 2856
799 802
106 2013
2286 2287
35 1753
2575 2576
5 2633
2237 2238
145 147
134 138
77 1264
504 1238
375 376
1049 1051
3189 3191
573 574
2739 2740
305 1771
306 2262
462 3237
857 2122
32 1924
593 1420
420 708
3245 3246
5 80
233 1181
1040 1041
1264 1266
2325 2327
3099 3100
125 576
3196 3197
2631 2632
701 703
1055 1056
73 1841
596 2482
206 210
905 908
2408 2410
1359 1579
303 2782
1783 3224
1865 1867
1796 1797
937 938
94 620
1147 1851
2850 2853
705 2134
1497 1499
702 703
294 1673
1482 1483
2813 2814
39 41
815 1796
36 38
958 962
873 876
2788 2792
1039 1955
2399 2401
991 992
2620 2621
425 869
2451 2452
546 571
441 2572
306 354
632 3080
463 464
1604 1607
40 867
1322 1324
2027 2843
1569 1570
751 753
2929 2930
34 281
98 245
952 954
3 891
2020 2022
227 229
1601 1603
306 307
2540 2542
2437 2438
44 47
204 629
543 730
692 884
262 1240
475 476
66 768
609 1422
218 1263
515 1088
451 716
8 11
1117 1272
2664 2665
259 2392
1205 1207
1219 1220
285 664
1082 1085
842 3057
306 1639
1367 1369
464 1573
387 2757
714 1765
78 2375
1529 1530
1581 1584
1700 1701
760 1122
1461 2397
2 460
997 998
1083 1084
1738 1741
540 2072
104 105
2667 2668
2834 2837
478 479
183 186
357 733
2097 2102
362 1294
1510 1596
25 473
3028 3029
192 1230
754 2558
31 1217
28 1430
1104 1642
161 1073
1441 1443
638 2055
1231 1233
73 2079
2069 2071
1126 1129
1238 1297
400 402
2609 3160
990 992
639 640
216 658
1784 1786
231 581
53 57
248 957
918 919
1713 1982
1130 2752
718 2259
2753 2754
32 198
94 622
1013 2603
1833 1835
3201 3202
170 609
229 720
2784 2785
1173 2219
2726 2727
105 325
1625 1627
124 130
574 1124
701 702
1096 1239
1115 1646
480 482
1844 3161
1128 1129
2592 2593
7 1523
742 2954
116 948
788 789
3121 3122
7 1244
2058 2059
2653 2654
273 1803
72 1344
546 1104
755 1539
1092 1093
1567 1569
294 1798
570 2005
35 1450
2966 2967
3118 3119
742 1171
2284 2287
8 450
139 273
82 825
159 161
60 747
2185 2197
2223 2224
2124 2126
1136 1137
320 1290
2190 2490
651 1597
2041 2043
606 607
464 523
216 889
1183 1430
2684 2742
1055 1421
1055 3139
1074 1076
817 1282
0 8
1194 1195
632 2974
13 850
578 2680
2721 2722
13 227
441 1587
1493 1889
259 2544
660 662
574 1960
451 452
2880 2881
152 2919
1340 1341
3027 3030
4 6
759 762
81 1789
512 514
95 97
2499 2501
1265 3022
2264 2739
245 2050
2708 2903
60 154
558 1308
1273 2669
409 756
703 705
478 2308
2353 2355
728 731
1855 1856
425 781
259 260
421 422
1841 2129
2543 2544
105 2393
439 442
1433 2772
755 2723
952 953
3209 3212
1918 2654
1272 1933
7 405
98 318
701 827
1380 1382
974 2515
415 418
32 1331
3236 3237
1029 1376
60 957
2700 2701
202 258
232 1651
1940 1943
35 1449
267 577
1269 1630
2745 2746
1908 1910
654 655
1553 2783
152 2689
2171 2172
2618 2870
130 306
2045 2047
701 829
1386 2347
1241 1242
1060 1061
106 438
1864 1866
466 787
133 198
8 889
892 893
3124 3125
678 1915
2463 2465
451 951
192 1231
1006 2256
1286 1836
1366 1368
507 1815
295 296
1419 1929
250 251
85 358
76 77
0 2
3193 3194
815 817
259 433
227 358
510 514
259 267
1705 3020
25 26
2409 2410
1034 1038
934 1055
3162 3163
867 868
2018 2019
210 273
60 2543
1160 1161
974 1660
387 2756
1161 3260
943 946
273 328
2693 2694
557 558
509 589
95 96
286 288
512 513
1378 2580
229 2880
628 1833
123 529
1374 1376
1359 1580
1085 1086
105 3115
1165 1178
304 305
1055 2874
163 390
1074 1075
378 2030
764 765
2027 2842
942 945
244 246
306 695
376 377
45 46
62 1134
2545 2962
3003 3004
382 383
235 1319
1172 1174
571 1930
366 1688
504 1223
60 139
466 1037
1699 1700
170 1106
1371 1372
179 1090
692 693
747 968
73 1838
556 3004
2967 2968
0 5
216 599
466 468
837 838
1493 3239
1569 2604
37 38
2946 2947
440 441
363 464
268 370
1973 1974
2122 2125
96 561
203 204
80 81
2440 2441
491 2547
294 469
60 2307
548 2938
142 308
401 1527
160 1899
1235 1359
2184 2185
1029 1033
157 302
576 1670
899 902
596 1190
911 3154
1605 1606
62 1495
140 141
696 697
918 2931
2856 2857
654 2397
1461 2395
798 1845
1676 1678
2310 2311
86 2655
330 1753
161 1469
1529 1531
216 220
500 501
3055 3056
97 160
125 130
1253 1934
2379 3183
543 545
1018 1019
2135 2248
297 1465
1251 1252
2194 2195
323 324
170 435
60 1177
238 259
763 2912
2863 2864
7 40
2976 2979
1672 1673
742 2955
139 1562
3105 3106
1305 2440
3021 3022
911 913
659 1122
622 1599
695 846
2922 2924
2313 2598
542 2024
547 1278
2624 2626
692 1790
559 564
77 1668
759 760
1569 1571
415 417
2521 2523
2499 2500
2590 2591
60 891
228 466
1691 1692
491 2548
81 2870
9 10
2107 2110
3226 3227
1319 2160
507 871
134 137
273 327
291 292
187 743
508 2295
1783 1786
2002 2003
107 1596
525 1814
1253 1939
977 1726
142 505
2219 2221
139 1130
2744 2745
1824 1825
1377 1378
68 70
12 13
2252 2255
62 1494
874 876
1500 1501
1184 1186
48 1997
1147 1545
354 1081
1783 2331
1717 1719
1282 1284
179 180
9 1969
1989 2495
1705 2887
60 1711
2983 3003
1090 1508
259 831
1355 1356
183 1276
1157 1158
240 241
2010 2011
204 1441
2269 2271
229 2816
60 2406
1726 1727
2567 2689
877 878
294 690
2050 2052
465 939
2285 2287
578 1256
1546 1547
1067 1068
504 505
1568 1570
804 1102
48 50
170 546
2785 2787
1212 1213
60 2825
543 727
1112 2119
566 570
1980 1982
2018 3165
2686 2687
1235 1544
1587 2677
1549 1551
2921 2924
283 2394
1419 2064
411 412
722 1093
1845 2260
554 555
908 1962
1750 1752
458 1925
234 235
1927 1929
451 1522
2766 2768
1453 1455
852 855
417 1135
2577 2579
16 2233
2091 2093
2502 2503
1467 1468
939 941
2425 2428
1524 1526
245 1439
2467 3144
241 242
231 302
160 161
1082 1086
2303 3164
542 543
72 983
32 1332
1553 1555
73 2314
2219 2253
125 126
160 722
1055 1327
1011 1246
2974 2975
939 940
1596 1597
1103 1487
932 933
692 1383
441 2571
658 1159
1749 1752
441 2716
348 350
1628 2517
1728 1731
128 1382
593 1729
1614 1615
803 1197
2436 2438
410 2222
75 77
1614 1712
497 594
360 361
34 451
2033 2034
576 1212
639 642
161 1055
1294 1295
695 908
2444 2445
465 2360
2212 2214
1176 1690
1308 1309
134 2755
2385 2387
402 761
3262 3263
787 2888
685 686
951 954
2383 2573
570 2004
1624 1625
32 1446
695 697
139 857
271 272
1127 1165
1634 2949
229 2881
1665 1666
2870 2871
34 1005
559 563
358 1414
345 1938
2588 2589
72 986
139 145
3138 3151
1614 1618
1166 1169
1647 1976
2148 2662
40 354
1553 2776
144 146
2398 2400
1269 1629
1744 1745
527 570
28 458
2812 3086
77 3082
324 1252
197 198
305 1344
2866 2867
967 1805
1247 1248
73 1478
149 153
31 312
628 2492
139 2359
2075 2077
35 935
116 834
510 512
1686 1689
2891 2892
2323 2324
1494 1496
259 772
3136 3138
1838 1840
60 2862
632 2973
894 897
1273 1355
546 548
315 1339
211 1949
3063 3064
139 936
66 106
227 1343
595 596
460 464
666 2198
853 855
1283 1284
8 558
576 1671
466 2665
2916 2918
727 728
943 1883
12 2027
2044 2471
1003 1974
206 1791
451 954
3245 3247
504 2384
82 2659
838 2322
1853 1854
2207 2208
1061 1063
1056 1482
125 2097
1930 2609
876 3214
696 698
1371 3257
2384 2430
1913 1914
671 673
871 935
475 477
139 142
2436 2437
1277 1354
8 768
19 20
1524 1525
48 2593
183 188
3234 3235
12 542
735 736
305 496
1955 1956
504 1031
476 478
2186 2189
13 851
1172 1194
1111 1112
2592 2594
1228 3050
38 528
2783 2909
1580 1936
1272 1273
943 2988
675 1051
231 582
736 737
1151 2998
955 957
3000 3093
2243 2244
1143 1144
357 1240
787 2363
1862 2526
198 418
2044 2047
419 421
2701 2704
1691 3139
1581 1582
269 695
60 65
2212 2213
2487 2489
294 1383
2823 3128
32 1785
2527 2529
2123 2126
170 1901
596 2480
1026 1028
1390 1391
2037 2038
446 447
701 704
228 590
2860 2861
2070 3235
1631 1634
2342 2343
96 1386
1518 1521
345 1026
390 2091
14 1123
92 2096
216 217
229 2316
60 155
9 1970
1729 1731
60 2945
283 1393
254 256
546 1105
486 815
303 2780
208 1478
436 437
406 1511
1707 2913
1620 2715
105 2394
60 668
755 1542
2246 2891
1020 1021
765 767
66 152
497 502
1060 1087
1004 2247
1371 3258
227 637
2751 2753
273 1399
574 1776
711 712
1090 1091
107 111
701 706
273 638
2215 2217
2190 2589
40 41
301 1901
2296 2297
2759 2761
1459 1460
2510 2524
1776 1778
419 424
2146 2398
2127 2128
974 1394
1587 1589
315 317
1651 1652
861 1325
125 129
1407 1408
640 1294
40 133
418 987
2289 2291
507 509
3248 3250
1560 1892
2947 2948
2359 3200
84 86
3056 3057
968 1252
294 543
40 1988
2799 2800
327 668
2097 2099
971 974
1558 1561
754 755
2803 2804
506 508
1755 1757
1411 1413
1889 1891
2006 2008
207 209
858 2504
314 1060
193 202
60 1136
28 1293
59 191
1118 1708
2190 2942
358 836
809 811
2497 2498
2130 2131
670 718
509 734
336 2226
511 737
3210 3211
543 1659
2004 2014
228 1633
858 3097
3218 3219
579 1131
259 806
980 981
632 3081
229 2586
33 37
303 305
794 1003
1176 1691
857 2126
385 387
937 941
228 3236
211 1113
60 64
294 3143
529 2115
7 547
106 504
206 208
2621 2622
540 3068
773 775
2273 2275
2422 2423
1669 1670
794 1975
1048 1051
1911 1912
1473 1474
672 673
375 2819
2201 2203
1060 1063
267 552
116 2450
1003 1626
1055 1293
1457 1458
1793 1795
374 2528
1702 1703
497 500
607 3168
1484 1485
2577 2578
2218 2219
35 945
731 1530
269 601
394 1320
1569 2502
543 725
2681 2683
7 23
898 902
695 1638
1407 1410
328 331
420 423
7 1200
2789 2790
1149 1151
2292 2293
66 769
1122 1320
160 1897
30 1552
510 511
83 2841
196 197
1669 1671
34 1002
327 669
779 1245
2635 2636
60 1628
3018 3074
2316 2319
191 192
370 2998
755 1469
561 614
1799 1800
161 755
113 114
53 55
1452 3158
893 2917
1642 1643
596 2509
456 457
166 630
160 1111
825 826
881 1419
3232 3233
1845 1846
401 640
72 227
596 1193
273 506
302 1529
573 576
3210 3212
546 1056
14 2983
1660 3130
378 747
106 877
459 880
638 850
847 848
1903 1904
3191 3192
426 427
1661 1662
1705 2885
3036 3038
3110 3111
1272 2677
1507 1508
2789 2792
13 968
1752 3203
35 1967
1371 1373
1905 1907
437 911
2103 2104
2480 2482
1281 1282
1112 1113
378 577
106 229
561 1578
1522 1523
1425 1427
581 582
392 393
2170 2172
178 179
1669 1887
208 210
507 1452
103 1300
191 2335
900 901
363 695
2403 2498
0 6
1174 2836
98 315
3042 3043
1912 2288
5 1848
3178 3179
757 758
1530 1531
170 3259
1540 1542
551 553
1628 1629
1604 2502
98 1774
1451 1454
139 147
384 386
2617 2618
108 111
160 2749
543 1656
418 1626
198 415
308 310
904 907
532 534
365 2545
251 629
319 321
867 869
3 768
77 79
267 1322
5 1395
13 14
12 1727
2322 2323
187 1795
0 7
753 754
630 914
289 1829
267 269
179 245
3186 3187
0 1
99 1130
163 164
302 1528
415 416
43 44
1091 1511
2776 3227
360 379
66 67
324 2172
898 901
119 120
1570 1571
2180 2229
493 844
3153 3155
397 398
357 358
245 3054
1301 1302
1559 1560
898 899
692 886
425 783
561 1647
664 666
243 244
1960 2014
561 1386
142 1764
607 3169
2316 2318
600 601
529 905
2396 2397
14 1122
1874 1875
378 696
40 1990
1451 1455
461 464
982 985
142 1016
2459 2460
2336 2652
35 1992
1950 1952
2838 2839
2937 2938
2911 2912
82 725
34 38
8 557
1249 1250
509 988
1419 2065
1314 1315
1586 1588
1844 3160
97 324
1548 1551
1478 2080
176 177
2784 2787
1099 1941
696 747
228 607
655 1295
951 2601
2511 2512
2598 2600
968 1416
198 2848
1108 1110
547 1336
1213 1506
1924 1925
621 622
1465 1466
23 26
2 3
368 406
48 1373
1176 1177
262 263
1582 1584
216 218
220 1733
324 2294
298 1671
72 1343
229 2074
1340 1342
1266 1267
704 706
170 301
375 2810
326 327
246 780
810 811
32 1330
251 252
358 1306
1978 2627
1053 2036
139 140
77 624
1285 1288
2960 2961
457 1421
3153 3154
1213 1505
3163 3164
546 1117
461 462
2122 2123
5 1676
900 902
1233 2858
1029 2773
2488 2489
2681 2682
1777 1778
226 227
0 1111
128 129
8 2071
751 754
521 522
281 283
507 1814
229 3012
157 2465
2786 2787
651 652
315 318
209 1280
62 1315
1124 2247
328 330
1744 1747
2403 2404
2923 2924
80 209
1135 1167
1055 1691
2253 2254
230 233
736 1954
3171 3173
32 632
306 1080
128 1135
834 836
3226 3229
229 1115
1989 1990
1706 2663
1836 2163
2067 2068
1604 1825
1121 1122
885 887
1870 1871
455 1773
399 2081
1889 2794
2062 2063
77 757
3083 3084
3114 3116
150 151
344 346
1587 1588
614 615
2982 2983
73 570
879 880
105 324
747 1652
418 2609
533 535
560 563
306 1218
2642 2643
2264 2950
129 451
349 350
149 151
727 731
2136 3017
2433 2435
390 2092
579 808
547 1277
387 2919
527 1748
132 2057
273 329
1121 1535
2619 2621
2433 2434
7 1299
77 3222
721 723
2510 2511
616 2840
302 430
2349 2350
358 1305
269 306
857 880
580 582
2678 2720
7 198
2641 2644
2797 2801
420 421
753 755
62 2640
2954 2955
1404 1405
216 609
880 1889
588 1442
214 215
2737 2738
586 587
1183 1432
546 1726
1243 1329
13 849
227 231
2004 2005
228 1374
2708 2709
2151 2152
1681 1682
1434 1436
1083 1086
77 1864
2195 2670
77 303
103 106
25 233
1256 1511
992 3160
2747 2899
2705 2706
621 1522
1783 1784
1117 1377
137 138
7 1401
1105 2445
2070 3234
1213 1502
35 853
1832 1834
1635 1636
1513 2193
547 1219
1147 1852
410 414
35 61
3165 3166
32 1339
2008 2009
817 2176
1550 3176
283 1395
402 759
83 2842
1988 1989
1676 2633
970 972
1684 1685
743 1532
1841 2132
440 442
546 572
817 1493
97 1301
1339 1797
439 2342
2070 2607
1706 2662
2514 2515
568 888
3027 3028
1707 1809
360 378
150 153
3086 3087
487 490
1103 2288
116 118
725 730
1710 1899
979 981
2206 2208
82 826
1288 1289
590 749
3198 3200
890 891
1107 1889
1060 1681
202 624
228 1631
34 283
1699 1701
1055 1469
528 530
2167 2168
2122 2124
28 459
356 884
2252 2254
13 1416
2463 2464
636 2457
2678 2715
144 148
62 96
1788 2202
632 981
116 1017
2802 2804
157 327
177 3176
961 963
1354 2581
1705 3018
60 231
451 453
300 1118
3067 3069
1152 1156
464 1572
160 1898
3107 3108
3248 3249
1900 1901
203 2269
455 1008
924 925
330 331
1356 2987
152 2920
357 509
3179 3195
1220 1224
612 613
813 2072
1016 1017
7 10
285 808
1238 1239
194 195
1530 2761
766 767
2848 2849
560 562
1706 1707
578 579
1465 1591
2 461
366 1687
380 382
160 1121
2594 3181
3256 3257
1080 1721
2832 2833
768 770
1380 1381
357 3214
2163 2164
2506 2507
509 987
833 836
558 1090
8 61
290 292
105 323
1936 1937
2399 2400
1084 1085
105 1147
401 1524
1272 2450
203 2272
1528 1531
2571 2572
233 1128
733 2410
860 862
363 556
567 568
140 2778
2969 2970
2337 2338
3062 3066
1006 2563
3147 3148
35 718
101 102
1044 2490
227 1344
899 900
2510 2526
1243 1327
3113 3115
895 896
1759 1760
1452 1454
493 676
1785 1786
1832 1835
2061 2063
238 2391
1264 2065
1314 1316
602 3243
1296 1298
636 2927
1512 1514
1224 1226
161 1473
2996 2997
96 294
261 263
2185 2283
169 170
1428 2821
177 1550
147 148
2168 2169
1090 1309
1540 1541
1865 1866
35 895
455 682
957 1236
2994 2997
1761 2279
1253 1272
50 52
829 2498
1069 1070
2683 2684
1920 1921
203 435
576 578
267 335
116 835
1247 1250
2307 2308
2265 2559
1190 1191
320 322
14 2150
2167 2169
191 2334
167 168
330 2747
61 1090
373 375
1634 2783
442 604
2562 2563
674 676
302 304
1135 1168
616 829
231 1637
122 123
228 1634
984 1012
324 2277
225 3106
1780 1782
2362 2363
246 779
231 1635
1433 2770
281 284
1931 1932
2209 2210
1055 1329
1055 1130
1335 1336
3117 3119
1253 2844
2280 2281
2919 2920
1626 3202
108 109
1421 1543
2539 3033
1729 1730
199 200
66 770
2215 2243
5 576
1919 1922
2524 2525
2036 2038
2246 2890
1311 1312
1187 2299
231 583
2597 2600
2235 2237
117 119
35 60
1978 1979
84 88
34 36
66 1447
2609 3161
259 431
354 1771
765 766
517 518
231 430
1650 1651
1213 1484
77 3221
1275 1276
72 1859
198 2849
294 1452
1733 1734
1460 2478
1930 2608
77 1866
543 1250
192 1232
273 275
60 142
1989 2648
193 838
1945 1948
1124 1960
1004 1738
94 621
211 1797
3048 3051
48 52
2951 2952
184 2873
456 459
747 1357
1114 1116
2703 2704
2146 2400
2362 2364
868 869
60 1213
1114 1115
2806 2807
294 1148
2145 2148
884 887
56 1101
118 119
1378 2578
3079 3080
1105 2443
14 680
139 146
1460 2477
208 2080
2798 2801
105 283
597 598
2510 2525
506 507
2352 2355
1354 2416
857 1553
1214 1215
1142 1324
305 354
125 694
73 1780
527 2004
2 105
3065 3124
2969 2972
23 27
438 1874
441 2866
7 2454
1425 1426
1788 1789
1530 2759
103 560
1150 1151
345 1572
2916 2917
157 2464
940 941
1080 1279
1039 1957
1320 1321
327 1844
298 1670
787 2930
60 1090
1687 1979
578 2678
96 2448
1173 2230
0 558
32 2143
1272 1587
991 993
209 1080
92 2756
965 966
125 283
1051 2522
2215 2242
906 907
2145 2147
1324 1696
365 2968
1819 1820
259 1235
229 2542
1933 1934
1065 1067
934 935
1230 1231
1124 2736
2421 2422
1388 1389
189 190
1170 1171
558 1310
357 734
1811 3173
1916 1917
3080 3081
1755 1756
1125 1128
170 239
2447 2448
1313 3036
359 361
2376 2377
354 355
227 636
480 481
420 1926
628 1044
616 2838
2799 3066
1580 2927
23 245
622 2434
596 1191
632 2034
7 202
3194 3206
228 591
28 457
187 188
128 1380
1405 2612
166 971
409 757
1771 1772
947 948
610 1349
2783 2861
616 2497
1069 1072
334 923
1586 1587
2670 2672
1839 1840
170 1105
678 1917
2329 2330
1449 2157
125 2099
492 1346
235 1318
558 1234
262 1241
622 1600
285 663
116 836
165 166
1041 1042
926 927
3183 3185
622 2432
543 1327
1064 1470
294 2747
213 246
731 1358
536 537
3124 3126
3000 3092
7 416
61 107
14 179
577 772
2701 2705
406 407
73 1096
813 2070
2878 2879
3171 3172
48 1220
5 6
2951 2953
2155 2199
2079 2080
139 148
219 2297
3032 3039
1118 1709
1203 1204
31 1214
630 996
574 1961
1144 1146
1449 2156
528 3252
1850 1851
609 757
735 738
378 2029
2686 2688
1537 1538
328 672
133 1655
609 1424
540 2069
23 891
2998 2999
638 1743
655 656
268 464
141 2207
1477 1479
177 2112
171 174
2628 2629
2656 2658
2482 2483
79 1349
60 1198
365 2967
1706 2148
24 1685
1889 2793
466 592
273 417
285 286
8 2069
2776 3228
2797 2798
3032 3034
292 293
686 2095
96 3263
2513 2515
410 2224
33 34
968 1602
121 123
116 417
519 520
655 1294
267 360
14 271
154 616
1322 1323
294 1147
1003 3202
694 1420
1862 2510
1105 2485
2313 2731
1183 1419
1293 2153
3189 3194
904 905
2570 2572
2018 2354
259 374
1077 1277
388 389
194 196
1718 1719
1316 1317
3062 3063
3221 3222
267 1142
216 1405
1960 1961
3043 3045
106 543
170 610
2049 2050
1676 2958
561 612
354 356
431 432
1609 1610
2472 2474
2081 2083
2539 3032
2761 2762
96 1721
32 40
1434 1435
547 1335
791 964
2518 2519
35 2725
3076 3077
593 694
500 502
901 902
2187 2189
58 59
152 586
1214 1216
8 891
577 1279
260 454
3146 3148
0 226
755 1515
2589 2591
1130 2653
177 1880
668 669
1107 1890
106 437
2838 2840
648 649
741 742
32 458
1430 2855
577 1141
1468 1536
2463 2505
358 1415
1530 2696
160 1112
575 576
953 954
437 3154
1687 1688
3139 3140
49 52
358 1304
1124 1851
873 875
2983 3005
1622 1623
504 2686
498 499
3114 3115
1754 1755
3007 3009
2948 2949
2768 2769
1728 2844
543 2867
1465 2895
29 30
1348 1565
220 1906
294 466
357 2394
378 1388
3219 3220
1811 1812
815 816
2373 2375
187 229
493 495
326 328
35 38
619 622
353 356
695 698
791 965
202 793
2789 2997
987 988
3078 3081
357 3215
1165 1179
584 586
14 273
2461 2462
329 331
1707 2914
984 1014
232 1650
543 1657
1907 3052
1989 2747
2668 2669
374 2529
666 2197
1364 1365
1825 2132
906 2596
806 807
1448 1450
58 61
813 2069
566 567
227 230
410 411
417 948
1454 1455
2799 2801
378 2232
149 152
2 464
2573 2574
538 1390
19 1349
2584 2585
675 1049
225 1641
1481 1482
35 896
556 588
166 974
994 1701
703 706
721 722
1753 1991
179 1100
2181 2182
459 878
7 561
1307 2873
2513 2516
170 611
262 357
482 483
619 621
2777 2778
3024 3026
532 571
1184 1185
106 1733
998 2263
202 1573
1104 1644
857 858
713 1149
1624 1627
1784 1785
452 455
626 629
1776 1779
902 1743
2183 2184
283 951
776 778
2625 2626
116 120
819 820
1452 1453
73 2315
1110 1641
60 3013
3217 3220
2928 2929
1754 1756
2812 2813
2049 2051
2021 2022
1532 1533
1696 1698
132 321
1806 1807
210 857
269 1084
1084 1109
527 1566
942 944
218 1262
654 695
206 276
1747 1748
1105 2484
1855 2059
451 2090
2362 2365
2993 3121
177 738
1109 1124
2729 2731
1592 3183
85 87
763 2670
2127 2131
147 928
2602 2603
1386 2348
283 2810
2889 2891
1159 1162
2 103
235 237
202 2420
61 209
3194 3208
607 2279
2569 2572
25 474
3127 3128
493 968
64 1735
1746 1748
633 635
1567 1571
459 879
497 550
907 1022
73 1986
994 995
2253 2255
1044 1046
622 2433
260 451
2098 2099
1046 1047
1441 1442
258 397
378 1387
60 2308
3090 3091
2066 2067
189 550
1844 2095
3198 3199
7 560
462 466
655 863
632 634
1396 1590
967 968
35 787
2109 2110
390 859
7 368
116 229
139 1563
306 2326
135 137
2675 2676
1862 2525
918 1788
2442 2443
776 777
1236 1237
538 539
410 1728
441 1229
622 2585
1305 2697
602 603
2467 3143
592 1176
3086 3088
1545 1546
106 152
353 354
231 1826
98 2079
889 2822
2270 2271
646 1928
1965 1968
2116 2117
1439 3216
2519 2846
60 2158
670 672
3 5
1773 1774
82 3253
210 2162
98 100
1269 1628
283 576
1960 2004
1358 1437
358 731
18 21
943 1881
515 1181
912 913
789 792
548 2784
2870 2872
970 971
2421 2423
3068 3069
2459 2461
139 543
98 2080
815 1339
1401 1402
2677 2678
245 2079
170 1854
504 1296
40 42
1456 1459
2020 2363
72 360
305 1685
2520 2521
2113 2114
268 702
32 1338
1294 1650
1886 1888
159 162
871 932
462 463
837 840
546 1272
713 1150
171 537
1384 1385
943 2990
2517 2518
345 347
420 1820
2146 2399
48 1735
609 1060
2564 2565
155 431
1184 1340
98 316
561 596
2525 2526
513 514
2235 2236
154 420
1894 1896
320 1110
446 1405
106 378
1120 1313
1806 1809
134 135
32 1259
882 883
48 49
8 578
1692 1693
2377 2378
394 760
2535 2537
7 3008
3226 3228
465 577
3066 3103
220 1905
332 333
125 2101
77 202
40 92
1500 1762
79 622
209 1340
198 2660
1703 1705
1013 1014
1035 3159
206 277
1060 1654
227 659
228 229
2281 2283
1794 1795
3110 3122
441 543
64 1737
2992 2993
665 666
2547 2764
1864 1867
1327 1329
40 1096
269 654
2087 2088
50 51
268 269
724 726
589 2002
260 638
1296 2268
35 933
748 749
2477 2479
504 2685
124 125
632 3224
116 949
294 1675
441 2718
1510 1597
3209 3211
813 2071
229 2815
1314 1317
1534 1537
3119 3120
2481 2482
1690 1693
1095 1097
2986 2987
40 868
160 462
632 2975
245 246
527 1567
584 585
3222 3223
23 889
1361 1365
2236 2330
1711 3013
2075 2076
3251 3252
62 2638
1118 1706
31 313
118 120
1235 1237
328 329
336 661
1558 1560
3129 3132
80 842
576 1395
670 711
127 128
1591 1592
3101 3102
437 3155
455 575
961 2619
298 301
1317 1378
77 3083
525 527
646 647
1215 1217
155 156
92 387
1750 1753
418 2719
48 2594
12 73
3082 3084
272 629
1690 1691
1044 2492
1183 1184
788 790
3191 3194
1428 2820
2561 2562
126 128
1381 1382
622 2584
760 762
1041 1043
164 166
2033 2035
546 677
2124 2125
1097 1098
620 621
324 325
2152 2153
1354 2417
268 497
1130 2754
2219 2230
2830 2831
1484 1486
1710 1898
357 2684
283 284
2622 3263
1213 1503
1588 1589
1185 1186
98 208
48 2110
85 1511
2637 2799
1 5
1073 1474
13 638
62 65
638 851
852 853
833 834
20 515
2211 2224
32 1260
2977 2979
1334 1335
2747 2900
3029 3030
638 857
219 2295
816 817
488 489
1268 1269
46 47
82 2660
304 1592
1642 1644
283 2601
1030 1032
2098 2102
1061 2065
142 831
73 1726
515 517
2692 2821
2044 2470
1553 1554
546 1106
389 390
736 1953
202 701
61 1308
2328 2330
873 1134
1660 1661
1909 1910
1131 1132
1273 1354
1359 1360
638 2057
100 420
2635 2637
208 211
3062 3064
2084 2086
1708 1709
2249 2250
273 330
84 976
1080 1720
131 132
548 2937
94 268
1044 2491
451 1523
324 2345
1844 2538
1245 1246
1135 2428
1497 1498
1530 1837
1039 1041
2486 2489
8 1360
73 1727
702 704
421 423
1228 3048
73 977
370 371
609 611
2970 2972
571 1932
628 2490
2144 2147
1117 1550
319 322
287 289
2380 2381
464 519
530 531
1035 1036
3257 3258
2988 2989
116 825
191 3217
7 308
2775 2776
995 996
632 3225
1721 2449
787 2936
248 249
1758 1760
364 365
139 210
2071 2073
566 569
2385 2386
163 1118
478 552
1144 1145
73 208
267 1406
653 656
216 600
2443 2445
0 4
715 717
435 1467
202 203
285 289
546 1437
561 627
2321 2323
77 1667
7 1489
48 1737
1840 1841
1733 1905
2805 2808
222 224
1798 1800
233 473
466 1003
465 937
2946 2949
1282 1283
62 1496
1591 2893
325 3169
3254 3255
2049 2052
602 604
1478 2079
838 840
12 14
951 1972
1732 1734
692 1849
3186 3189
441 1589
2666 2668
2144 2145
1662 2883
1105 1106
558 1273
7 1402
2648 2649
1197 1198
1006 1007
570 1944
1510 1511
1707 2771
814 816
160 1093
1107 1405
168 170
2215 2245
1055 1328
232 1261
2480 2483
2775 2783
2123 2124
1536 1575
1172 1175
697 1886
2660 2661
546 1601
1269 1270
2597 2599
36 37
35 893
56 2166
2046 2048
659 1353
2034 2035
2716 2717
1707 1709
880 1553
227 228
1313 3074
858 1547
28 29
1356 2984
1536 2367
2884 2885
1781 1782
2113 2115
7 722
2107 2108
2020 2023
124 126
3110 3121
72 796
985 986
1191 1193
280 281
0 61
1939 1940
1055 1543
1525 1527
441 1386
713 717
134 1903
202 397
593 1730
142 310
973 974
81 134
2646 2647
227 1583
934 1293
299 300
1285 1287
487 488
229 1116
1030 1031
1660 3129
48 1371
1338 1339
1787 1790
743 1533
168 1153
1881 1882
695 1724
160 312
3192 3194
690 1397
3194 3207
2684 2743
1707 1918
932 936
2528 2529
1519 1521
1721 2448
106 142
763 764
534 535
2108 2109
1356 2158
2056 2057
1841 2133
1553 2823
1765 1766
661 2227
264 1830
428 430
460 461
2018 2021
1273 2667
2720 2721
1078 1079
146 148
1548 1550
944 945
1147 1546
60 478
60 1017
297 858
465 2359
99 100
510 513
1980 1983
1115 1648
109 111
306 1638
493 846
2411 2413
253 254
202 206
259 2639
2158 3013
2379 2381
1801 2879
346 347
273 507
2794 2796
1151 2999
620 622
1446 1447
1330 1331
654 657
1181 1196
40 417
1216 1217
938 940
1801 2067
1647 1648
19 2858
2165 2166
1709 2943
1220 1998
768 1532
1918 2914
2442 2445
201 205
3230 3233
2763 2764
1857 1859
466 2664
1155 1156
1985 2370
48 2628
448 449
8 449
7 142
3172 3173
1206 1207
1055 1544
1991 1992
2658 3135
0 1054
811 812
330 363
314 609
992 1844
1491 1492
1966 1967
904 906
2099 2707
994 1699
1225 1227
7 1079
1614 1711
227 305
825 999
1758 1761
1055 3140
3018 3073
680 681
1164 1165
35 897
60 645
35 2259
2984 2985
1676 1679
60 589
507 870
368 369
12 380
2517 2519
1523 2453
571 1931
891 1213
1032 3173
35 871
659 1135
61 1309
2788 2789
2314 2315
105 858
3037 3038
1811 3247
2877 2878
1704 1705
2379 2382
1493 1890
2101 2844
1206 1208
305 1684
2453 2455
733 734
1680 1683
1104 1643
1996 2699
1682 1683
457 458
726 730
576 1211
1985 2371
1354 2896
40 1925
8 160
1707 1708
66 70
2637 3045
55 56
62 1493
2370 2372
1789 1903
394 1165
726 727
2331 2333
2216 2217
1411 2807
659 760
871 936
2688 2692
2771 2913
1695 1698
543 1109
1307 2874
1018 1021
3019 3020
755 1517
1439 1846
2466 2467
1356 2985
1759 1761
852 854
2064 2065
330 2745
1449 1756
432 433
506 509
1676 3002
354 1772
724 3077
2134 2137
2412 2413
2289 2290
796 797
1095 1096
2152 2154
132 577
2839 2840
1457 1460
2789 3026
1253 1255
123 1345
30 31
747 1353
3063 3065
1599 1600
752 755
420 422
1274 1275
51 52
9 11
1493 1494
209 1714
2472 2473
1327 2750
263 264
663 664
756 757
306 1220
142 229
214 3145
18 20
1783 3225
2550 2551
1337 1338
245 2217
441 2865
217 221
111 2537
1065 1068
60 209
370 709
1811 3170
1363 1364
268 707
1894 1904
2552 2554
38 3251
54 56
281 282
275 408
1145 1146
763 767
278 2082
132 2049
478 821
1048 1050
1273 2666
1053 1054
123 1346
1744 1746
12 2000
1189 2219
104 106
2206 2207
1963 1964
511 512
399 401
1553 2775
237 238
1197 3261
106 997
1181 1195
260 636
1621 1622
622 1349
1287 1289
828 829
273 731
1172 1173
1315 1316
490 827
2634 2637
1061 2812
393 396
1676 2989
294 1109
1255 3138
2780 2781
32 389
1003 2555
544 545
504 3031
187 2290
402 760
858 3098
2642 2644
455 681
208 209
928 930
193 839
92 1732
917 918
2348 2350
616 1130
570 1946
7 1300
638 858
2313 2600
127 129
98 603
2215 2216
1294 2446
540 2071
2260 2261
107 1430
2795 2796
626 628
306 654
273 1265
96 1399
623 625
732 733
1602 1603
1829 1831
234 236
959 963
228 608
2618 2872
268 704
2637 2993
202 464
8 9
1978 2626
1172 1195
116 947
1356 2986
2018 2353
481 482
462 464
158 159
410 412
905 907
59 324
609 756
23 25
259 690
528 3251
142 651
2620 3156
580 583
7 11
917 1709
223 225
1069 1801
1096 1935
1586 1589
1213 1501
442 605
262 690
2267 2268
524 525
920 2463
1003 1975
632 633
1956 1957
374 375
1462 1463
35 2727
911 3155
35 2738
1474 1475
1000 2042
1518 1520
179 2215
152 1927
2678 2722
655 657
974 2513
411 414
622 2583
38 3252
487 489
1566 1569
858 2505
3065 3066
863 866
1296 2267
72 358
103 1445
1500 1608
2862 2863
1055 2873
857 1205
1354 2898
3253 3254
23 890
1163 1165
235 2739
1956 1958
632 3079
2637 2992
755 3176
1408 1409
60 1356
2515 2516
1555 1556
677 678
449 450
2917 2918
94 95
401 466
739 740
339 342
2386 2387
2896 2897
229 2784
175 176
306 631
1844 2609
258 398
305 651
157 550
60 968
2789 2994
543 2865
577 773
1673 1675
152 585
1124 2738
2460 2462
1073 1475
231 1827
2059 2060
417 1264
29 32
858 3194
1756 1757
1122 1321
2055 2057
0 692
79 610
268 706
756 758
451 953
35 1003
1485 1486
2219 2254
399 402
267 1140
1566 1571
2702 2703
2205 2208
259 1397
838 2324
678 2944
769 1199
24 305
1481 1483
210 1371
705 3196
562 564
94 927
98 677
491 743
291 293
1126 1127
5 694
1122 1769
911 3153
171 357
577 1080
267 378
14 16
231 1636
2659 2660
167 169
1889 1890
2844 2845
1949 1951
193 1791
1836 1837
264 276
546 1273
609 2054
1825 2129
1940 1941
2478 2479
3087 3088
443 445
1293 2152
99 2653
72 76
1543 1544
1989 2649
507 525
465 940
3160 3161
2182 2184
1367 1368
409 2802
2006 2007
2745 2747
3115 3116
2157 2158
157 492
107 2854
1090 1509
1117 1549
2606 2614
1290 1291
613 615
658 1160
1290 1292
2026 2027
2247 2248
130 1639
2886 2887
1617 1618
561 615
254 255
3168 3169
441 442
2313 2314
884 886
35 946
71 74
1677 1678
2569 2575
1073 1075
10 11
3199 3200
1830 1831
107 108
1064 1471
380 383
2588 2590
817 1283
363 731
401 1526
262 741
3023 3026
1559 1561
1783 1785
2534 2536
3018 3041
1035 1037
14 181
202 1792
600 2922
2341 2343
2626 2627
1161 1594
589 2167
60 116
1577 1578
2549 2551
684 686
1403 2116
3102 3108
3009 3010
3228 3229
803 2441
641 642
2 5
3213 3215
1094 1095
1130 2753
23 24
142 1763
43 46
177 736
705 2136
441 842
875 876
1941 1943
3094 3096
267 553
35 139
354 1770
987 989
180 181
1569 1604
324 2285
40 418
2383 2384
103 1299
3131 3132
590 748
239 242
202 794
2593 2595
219 508
60 1252
3140 3141
1508 1509
1569 3181
1550 1551
3065 3126
1874 1876
499 501
2344 2346
283 357
2535 2536
2701 2703
297 1466
358 1870
418 2608
627 628
546 1727
574 1779
96 2447
142 435
82 2460
1004 1124
179 1101
1646 1648
126 129
629 1441
30 1301
715 1157
177 755
3074 3075
272 273
2744 2746
217 219
681 682
1019 1020
320 441
578 1177
1099 1939
319 320
82 736
100 102
306 547
243 246
2751 2752
155 432
1135 1380
139 465
133 1339
1387 1389
1261 1262
209 578
35 37
79 1348
866 1445
273 508
1110 2831
273 509
579 1133
228 655
85 88
2519 2847
1253 2101
160 162
2322 3238
229 658
561 628
289 2650
125 1394
842 1488
160 229
80 2366
543 724
1505 1506
60 2306
2340 2341
2963 2965
113 115
1882 1883
816 818
689 691
559 562
1446 2143
1110 1640
3253 3255
1377 1379
326 329
2140 2142
2763 2765
278 399
561 562
3067 3068
73 1716
353 355
370 2500
493 2330
3249 3250
2812 3088
62 1317
2318 2319
191 3220
2299 2301
751 752
1847 1848
1493 1496
2728 2729
951 953
2240 2241
214 3146
671 672
60 2519
1803 1804
1135 2510
814 818
324 2286
209 210
73 1947
151 153
622 2436
452 453
1159 1160
394 1122
2464 2569
358 1358
1051 1052
1621 1623
2348 2349
378 674
1827 1828
835 836
707 1157
140 2777
1510 1512
2539 3179
1908 1909
48 2629
227 3209
1077 1278
327 967
2582 2583
1124 1961
1226 2772
26 27
527 1569
600 2921
14 1294
80 1844
932 934
723 2414
267 551
94 619
974 2017
1172 1181
283 943
320 841
357 876
529 1439
229 825
2234 2238
3162 3164
77 409
546 1358
1090 1308
591 592
964 966
1069 1071
593 1421
451 1005
871 933
1706 1709
269 1823
158 162
40 1989
2142 2824
157 491
903 904
3050 3051
135 138
1220 1226
2024 2027
978 980
129 509
1051 2520
370 2377
2313 2596
1124 2737
160 1497
267 361
13 16
1530 1836
2541 2542
1073 1476
172 174
558 1232
1744 1748
285 806
302 491
493 2328
60 803
14 640
60 1138
2823 3127
418 989
2641 2642
194 198
1090 1310
73 1944
89 93
268 2500
328 505
1176 1692
262 294
701 2246
441 1586
132 320
271 275
139 858
269 1058
216 221
1535 1538
1608 1609
368 405
887 1994
81 82
1111 1113
497 498
1114 1117
157 2463
2708 2710
35 2736
1989 2899
48 2108
3256 3258
3108 3109
344 345
378 1140
32 1732
511 738
1614 1617
443 447
378 2054
962 963
3063 3117
273 1267
35 1968
1230 1234
56 1594
1569 3182
1620 2713
893 897
632 1783
2218 2220
1099 1101
616 2839
259 432
253 256
1341 1342
1676 3001
763 2195
213 215
1183 2875
35 2359
1918 1920
1221 1223
358 1869
2040 2043
781 783
392 395
2264 2953
170 240
133 458
2018 3166
3014 3015
1045 1046
35 1124
2973 2974
264 265
1039 1956
185 683
276 277
62 873
128 1336
558 1233
330 2746
354 1987
1816 1817
2641 2643
0 2749
1846 2309
60 1045
2101 2845
439 2403
1825 1841
2242 2245
1560 1561
245 3053
519 943
419 422
339 340
1733 1907
106 328
358 3232
654 1461
66 172
1370 1371
185 186
1055 1235
1493 1891
2993 3110
348 351
2991 2993
7 2455
1811 3244
504 2688
893 896
1214 1217
1400 1402
550 594
1679 3061
263 266
1998 1999
1608 1610
2725 2727
303 3221
139 933
1787 2549
357 536
419 420
336 2225
14 272
116 578
3058 3061
201 202
1253 1933
1285 1289
225 3105
230 231
2618 2871
394 395
617 618
326 331
1125 1442
1053 2039
14 455
170 1104
306 1418
7 1403
2274 2275
2991 2992
273 857
2234 2236
147 929
2569 2576
881 1418
628 629
654 2395
2246 2889
570 2315
85 2180
3145 3147
769 770
98 679
988 1931
1386 1643
157 161
2759 2760
3066 3101
860 861
1592 1593
1707 2673
209 546
362 655
73 1945
3018 3020
886 887
1989 2900
1167 2213
1066 1067
2173 2174
543 544
507 3157
236 238
132 2050
98 317
2 463
12 1726
889 2823
1245 2111
12 2024
8 10
1354 2897
2038 2039
451 1007
264 577
2081 2082
1846 2310
2018 2352
2369 2370
229 2587
466 1034
558 1230
2243 2245
66 771
2472 2475
3068 3070
600 2923
410 2675
144 145
811 813
2306 2308
957 1237
33 35
705 2135
390 822
387 2920
191 3218
409 2803
1927 1928
380 2250
695 1964
2445 2818
1636 1637
857 2775
715 1158
797 798
2475 3195
1877 1879
358 3233
259 774
1176 1694
1003 1972
327 329
410 2211
216 229
755 1516
509 2003
7 889
616 2498
793 794
179 891
1566 1568
1553 1918
2495 2496
1430 1433
3191 3193
142 143
1147 1850
441 2569
401 402
14 160
2180 2228
920 922
2476 2478
224 225
1612 1613
1056 1481
228 1294
1788 2203
144 409
540 2761
1740 1741
1315 1317
283 519
863 864
146 466
2922 2923
1411 2808
2682 2684
1120 1311
2398 2401
546 1243
106 459
2531 2533
32 1413
216 2822
2359 2360
1460 2211
457 593
35 944
538 1351
731 1837
2373 2374
1676 2632
1524 2158
129 160
688 689
1871 2105
179 1091
1130 2751
781 782
3036 3037
2555 2556
880 1107
787 2734
238 806
956 957
82 358
917 2944
998 2264
273 1805
227 2389
2794 2795
105 1666
146 401
929 931
60 1536
1118 1707
229 824
204 251
1592 3184
803 2439
2557 2558
541 3152
2347 2350
73 245
1705 2886
803 1653
2414 2415
206 209
76 294
493 967
1319 2161
511 735
5 1847
867 1598
388 390
335 337
305 1772
166 973
2852 2853
198 1655
1331 1333
441 1228
7 1243
519 951
636 2456
2800 2801
1136 1139
1955 1958
170 2485
598 1204
582 583
1054 1055
626 2093
170 1468
235 2740
908 1963
352 356
105 3113
324 2344
2302 2304
268 550
177 1878
132 777
462 1148
35 488
55 785
2625 2627
2536 2537
768 771
2637 3044
803 1665
1117 1551
419 423
141 142
416 417
2024 2026
286 289
829 2497
682 1024
160 1123
306 881
474 2044
60 1299
84 85
967 1804
2060 2304
568 1367
1120 1312
107 651
477 478
2493 2494
1620 2678
1980 1981
213 1472
1235 1421
1006 2564
1104 1106
636 2458
2588 2591
228 1376
259 2391
692 1848
1135 1428
806 2391
261 266
561 1577
579 807
2637 3096
1723 1724
82 857
504 1297
1739 1741
2941 2942
170 2431
184 186
399 708
2989 2990
2637 3042
1130 1918
1062 1063
89 91
2235 2238
3097 3098
209 1118
354 1986
1806 1808
1087 1653
8 35
1894 1903
160 1477
1535 1536
2594 3182
2187 2190
2589 2590
198 416
1376 2774
1705 2939
1707 1806
3238 3239
2097 2098
1919 1920
595 597
229 826
60 709
763 2671
958 959
1167 1169
1167 1168
1787 2551
3102 3109
1000 2043
3174 3175
273 858
154 155
547 1026
464 521
2690 2691
585 587
73 1239
493 675
1226 2770
998 1107
542 2027
34 1007
2770 2772
3063 3120
86 2657
1120 1908
2708 2904
2018 2355
2379 3185
337 338
543 1249
302 428
731 1803
689 690
35 2882
1743 1856
96 2530
1000 2040
1884 1885
1120 1910
294 1674
7 1277
529 1438
236 237
411 413
803 1305
81 2755
316 318
35 2883
1679 3059
187 1794
1903 1926
1257 1260
903 908
282 283
2660 2849
930 931
123 167
141 143
94 137
48 64
216 1422
1091 1256
1645 1647
2729 2730
2044 2048
638 2056
2958 3001
519 521
199 1627
732 734
1716 1719
2405 2407
61 229
1115 1645
302 1531
3118 3120
968 1601
752 753
857 2124
198 417
3184 3185
2793 2796
1364 3031
1530 2762
2316 2320
1182 1186
0 1113
1881 1883
2140 2141
2566 2568
132 776
2790 2792
31 227
2634 2636
1147 1148
953 2239
217 220
2453 2454
98 102
105 3116
944 946
3 6
1201 1202
243 245
2884 2887
520 521
60 2863
472 473
1080 1280
1383 1385
158 161
1127 1129
439 441
231 233
112 115
2633 2708
2991 3133
2570 2571
2135 2136
48 1736
324 2287
170 2647
595 598
1969 1971
262 1242
547 1218
425 426
35 450
825 2277
659 1320
1176 3029
548 2786
73 2313
577 777
60 622
603 605
755 763
1419 2431
96 2622
1330 1332
768 890
7 1093
2700 2703
1154 1156
584 587
2040 2041
2673 2674
2915 2916
1095 1098
260 637
1202 1722
358 3230
2818 2819
548 2785
139 638
2345 2346
2429 2430
285 288
2752 2753
214 3148
1037 1038
626 2092
2610 2612
1645 1646
137 268
379 1120
2018 2023
77 1419
268 1158
345 1936
227 503
264 1829
193 206
695 696
858 3207
2139 2140
3035 3036
97 105
184 843
324 2171
723 2415
3145 3148
528 531
508 2296
378 659
603 604
2651 2652
621 1523
2359 3199
81 2872
40 1238
2834 2836
78 2373
1226 2771
1137 1138
2443 2444
710 712
2717 2718
764 766
418 482
692 1112
1787 2550
1753 1992
35 894
125 128
943 944
2637 3094
436 438
1580 2926
2582 2584
60 339
515 1180
787 1003
1949 1952
1528 1529
60 2864
1362 1363
2050 2070
2522 2523
361 540
187 254
245 3216
1107 2078
992 3161
274 275
2129 2131
218 221
3178 3180
2099 2705
1939 1942
212 215
1513 2192
2367 2368
1850 1852
1801 2068
72 985
1120 1121
696 699
2812 2814
2921 2923
1378 2579
659 696
133 1924
755 2724
73 1821
257 259
2156 2158
803 1654
8 1359
257 258
259 3016
40 934
40 198
543 1055
142 652
5 2631
2439 2441
32 388
1567 1568
2809 2810
76 982
2873 2874
496 793
89 92
0 2748
570 1945
2877 2879
492 1345
1346 1347
1003 2726
1339 1796
773 1561
2196 2197
443 446
2058 2060
56 1100
1984 1987
558 966
1231 1234
725 727
60 745
1901 1902
406 409
187 2291
131 133
7 61
362 364
1628 1630
152 1928
543 1658
95 1195
1606 1607
229 1117
543 1163
1117 1378
715 716
2391 2392
990 993
170 2645
3230 3231
579 1132
306 2325
731 1266
61 1471
3188 3189
1135 2511
1161 1197
2910 2912
519 522
61 434
185 187
2708 2905
323 325
375 377
1431 1432
73 1718
294 507
45 47
2631 2633
1003 1973
2966 2968
815 818
1832 1833
1189 2221
1000 2041
1833 1834
504 2687
60 293
1650 1652
378 676
75 76
267 337
82 2167
160 1392
235 297
1105 2444
2859 2861
2666 2667
81 2618
1632 1633
235 238
13 15
2264 2741
1435 1436
2107 2109
235 1464
370 3000
160 509
3227 3229
2132 2133
0 1112
2103 2105
906 2313
259 360
132 638
1707 2674
123 492
124 127
82 3255
1720 1721
363 555
596 1192
2088 2089
1107 1404
2586 2587
95 1194
1232 1233
160 1359
546 1291
731 1267
2784 2816
1566 1567
184 441
3008 3009
295 297
35 2726
2398 2399
1349 2880
358 835
160 727
69 70
7 562
209 1299
2539 3178
1117 1548
177 3177
1112 2411
35 3199
264 277
731 1872
1264 1265
1646 1647
507 1130
2099 2706
348 2970
595 2356
1672 1674
1183 1185
3213 3214
2824 2825
1604 2503
974 2514
112 114
336 338
1763 1764
3227 3228
675 1052
1062 1064
497 1706
2547 2548
2479 2489
5 125
751 755
2507 2508
3230 3232
72 984
444 446
516 517
1754 1757
2862 2864
1562 1564
142 259
216 1404
96 441
547 1220
1677 1679
441 2570
1787 1788
659 1321
1321 2783
35 448
893 2916
695 845
2459 2462
830 831
528 529
7 1490
123 182
28 456
542 544
1432 1449
2363 2365
1709 2944
418 1767
3181 3182
2281 2282
9 1971
1768 1769
574 1777
294 1799
300 301
779 2111
303 304
1811 3171
60 2824
1135 2425
160 1391
204 205
1051 2521
918 2493
1947 1948
606 608
1115 1116
106 880
1305 2698
305 1343
1918 2913
211 1339
2379 3184
2678 2840
2129 2133
184 1307
1957 2314
960 963
254 1793
125 1393
1568 1569
390 1118
35 1965
2841 2842
974 1661
2638 2640
921 922
35 739
198 1339
576 1256
206 1439
3111 3112
851 1767
3073 3074
152 229
1055 1307
1073 1074
2734 2936
490 829
294 1672
1142 1146
2628 2630
375 540
106 360
60 1664
1628 2518
2810 2817
1861 1863
1400 1401
1886 1887
1448 1449
378 1389
2915 2918
152 587
31 1487
2953 2961
867 2979
543 2094
2298 2301
2328 2329
3192 3193
527 2005
1580 1937
791 966
76 986
527 1568
7 103
1107 1583
876 3213
96 873
592 1060
60 1044
278 2081
189 327
300 1119
324 2170
891 1091
713 716
491 1066
97 323
2336 2651
1686 1688
1039 1958
31 1103
1615 1616
907 908
1264 1267
2615 2616
139 2360
14 275
2622 3262
760 761
678 2943
1519 2423
320 1823
420 1562
491 2546
2490 2942
692 1384
384 385
609 610
2643 2941
1137 1139
14 180
525 526
707 715
62 1591
1738 2712
267 1488
891 1212
330 365
1163 1433
1520 1521
2606 2607
1304 1307
227 260
1939 1943
60 1047
2500 2501
209 1279
773 1560
184 2874
106 998
160 211
1238 1298
106 202
142 328
2650 2652
152 584
1147 1547
1982 1983
934 936
261 265
254 1794
451 454
8 1358
469 471
1451 1452
255 256
755 1541
1807 1809
2403 2497
1770 1772
497 2662
1143 1146
3065 3123
1460 2476
3073 3075
515 1087
3078 3080
547 805
1507 1509
788 792
1966 1968
2257 2258
219 2296
1465 2893
696 1353
547 804
3 72
7 1491
2479 2487
299 301
3214 3215
595 2357
827 829
35 934
320 1291
1006 2257
1582 1583
151 152
375 2761
2728 2731
60 669
1402 1403
722 723
40 1924
596 1578
1218 1219
135 136
540 3067
72 73
735 737
94 925
98 546
268 1157
858 2367
1690 1692
225 2085
2633 2904
3113 3114
685 687
228 362
1691 1694
269 600
854 855
2720 2722
2739 2741
1378 1379
902 1856
1972 1973
2285 2286
72 1858
28 40
60 2367
3 73
96 97
19 1233
1318 1319
160 1079
82 2462
545 1210
1406 1407
175 177
123 531
1915 1917
558 791
232 1262
106 505
390 391
2050 2607
858 1464
2280 2282
878 880
7 397
1258 1259
1918 1919
152 153
1220 1997
1127 1179
1055 2732
2188 2190
1431 1433
2423 2424
1255 1256
155 259
294 3158
3107 3109
2325 2326
345 547
556 589
803 1666
1750 1751
378 675
189 192
1132 1133
1903 2755
2480 2481
2637 3065
357 537
750 754
880 2775
1742 1743
685 1135
677 679
2263 2265
1305 2696
439 2402
2379 2380
692 1847
439 2340
1120 1428
1378 2158
160 1301
579 806
106 1734
3089 3090
13 56
1172 1196
1286 1288
2799 3091
763 766
2027 2841
34 37
401 1294
40 2096
2347 2348
1253 1254
1656 1659
2534 2535
1580 1938
2799 3101
378 2231
2610 2613
35 936
48 2592
2019 2023
861 1436
970 973
1061 2813
76 79
1567 1570
2 4
1277 2417
3123 3126
298 300
2 113
235 600
160 1710
1107 1493
348 486
2690 3240
262 264
2999 3000
1107 1108
170 1419
803 1087
1061 1064
251 306
2456 2457
2994 2995
1426 1427
142 311
425 782
466 1036
999 2277
920 923
116 833
441 841
2064 2634
1125 1127
231 232
1182 1183
8 2070
418 509
294 2467
82 229
258 259
1892 1893
540 541
2603 2827
82 2461
2128 2129
225 2084
475 479
132 2052
2024 2025
82 632
2174 2175
2463 2504
1118 1176
142 1500
630 994
2579 2580
366 367
327 667
609 2053
95 1196
3062 3065
31 202
1308 1310
1192 1193
2527 2528
294 741
1743 1855
622 867
2781 2782
971 972
2776 3229
320 1084
7 160
60 2544
61 1064
2871 2872
1118 1177
460 462
300 390
2771 2772
1568 1571
48 1370
2205 2207
2065 2812
1451 1453
25 27
2042 2043
2534 2537
202 496
1391 1392
1305 1307
125 2098
1176 3028
577 776
1554 1996
1490 1492
297 2303
30 1544
1879 1880
163 747
112 1827
2347 2349
139 2094
1965 1967
1032 3171
2723 2724
2322 2324
1657 1658
107 2855
858 1546
1873 1874
555 556
366 369
736 738
1152 1155
1168 1169
2962 2963
647 649
3137 3138
1273 1356
1918 1921
2842 2843
2899 2900
964 965
547 1334
1489 1490
1553 3128
73 1987
5 1393
476 479
1619 1623
2875 2876
1142 1143
731 1804
1120 1429
542 545
1285 1286
655 864
896 897
3027 3029
239 241
477 479
2018 3250
302 492
268 363
2384 2429
641 1472
504 3026
2734 2735
1676 2631
2123 2125
2356 2357
2893 2895
464 1132
397 1613
2552 2553
632 1566
543 731
206 1845
1099 1943
160 3237
251 307
666 2196
380 2251
1006 2339
92 2757
1018 1020
1534 1536
72 982
227 233
2476 2477
110 2273
124 2431
370 372
147 930
77 78
160 1479
578 1272
2828 2829
393 395
1513 2191
546 630
1187 1189
229 2852
2802 2803
105 1546
1534 1535
2383 2574
542 2008
724 728
461 463
1978 2625
3028 3030
231 428
272 274
2995 2996
216 1419
418 1930
887 1993
600 2924
1094 1098
1240 1325
1728 2676
2303 3162
60 1236
552 821
1793 1794
123 170
18 19
3066 3102
984 986
3097 3100
1183 2876
2263 2264
1620 1622
137 787
220 221
1184 1342
504 1221
268 594
160 538
213 214
40 1080
2321 2324
1442 1443
1324 1697
3123 3124
128 130
239 240
968 1417
86 87
499 502
2947 2949
332 334
195 197
87 88
1254 1256
558 965
2545 2964
3203 3204
1791 1792
193 837
1230 1232
678 1916
259 2638
909 911
60 743
731 1805
1566 3216
345 1573
955 956
60 2436
116 576
2199 2200
1579 1580
958 963
1255 3137
3004 3005
2611 2613
1409 1410
2101 2102
60 643
225 2086
640 642
441 1588
2970 2971
1810 1813
1259 1260
1060 1062
747 1252
1907 3054
2706 2707
497 501
358 1871
724 727
2610 2611
1163 1507
1530 2760
801 802
2256 2258
561 1976
61 558
33 38
243 1165
1140 1141
8 577
1029 1031
1190 1193
2191 2192
1751 1753
1728 2845
2752 2754
2667 2669
2416 2417
203 2270
1477 1478
425 868
34 1000
561 613
1500 1763
128 1335
1919 1921
3 245
1325 1326
1608 1611
1233 2856
1124 1959
1503 1504
1918 3127
478 819
2098 2101
306 1219
375 2817
1702 1704
593 1731
82 2169
1313 3035
1855 2060
1898 1899
2185 2198
476 477
387 1801
864 866
628 1832
2666 2669
787 2928
387 1802
565 570
2506 2509
568 1368
333 334
160 1120
3024 3025
40 1732
1181 1194
34 1006
61 1310
628 2491
902 1855
1985 1986
1460 2210
567 570
354 2262
1660 3131
1090 1163
2687 2688
1023 1025
408 409
0 1518
3183 3184
1220 1227
2508 2509
658 1162
294 1124
2783 2908
366 1689
0 1520
782 783
2678 2714
7 1092
106 2420
0 1849
177 1877
2650 2651
2219 2252
1493 1495
187 1793
244 245
1159 1161
111 2536
2264 2952
654 2396
682 1023
451 621
1265 1266
2037 2039
842 3056
817 3239
1974 1975
539 541
2714 2715
992 1892
938 941
543 729
678 679
348 484
1056 1483
1361 1363
1957 2315
1398 1399
462 3236
722 1092
1539 1540
763 1469
542 2026
497 499
209 1341
720 723
0 227
285 666
209 211
303 3223
695 699
60 1357
451 509
218 232
959 962
2805 2806
2789 3025
1553 1557
358 2228
881 883
1869 1871
2481 2483
105 357
918 2494
125 692
578 1118
170 2261
2432 2434
1449 2158
303 2779
1274 1276
259 577
1299 1300
170 1845
2716 2718
2547 2765
1345 1346
1354 1378
630 995
259 2690
317 318
504 1364
1209 1210
294 470
813 1440
1124 1852
327 331
1877 1880
99 2654
116 358
1116 1117
2135 2137
546 1604
1190 1192
1981 1982
1928 1929
1124 2135
675 676
96 273
202 2419
225 1110
283 2393
569 570
1897 1899
32 92
2756 2758
507 508
1687 1978
560 1300
568 569
229 492
556 3005
2 6
66 68
2958 3002
225 2956
898 900
538 541
651 1510
2426 2428
607 2278
705 2137
371 372
194 197
892 894
1826 1828
3001 3002
268 703
1788 2931
1378 2581
73 1238
493 2329
509 733
406 408
413 414
2728 2730
82 116
1679 3058
56 1161
493 969
1526 1527
2213 2288
240 242
695 1725
2118 2120
196 198
247 248
53 54
235 1465
1060 1064
269 320
924 926
195 196
345 1937
653 654
815 1797
2213 2980
488 490
2175 2552
192 193
320 842
170 1900
231 580
791 792
2151 2153
272 2089
334 921
906 908
1430 1432
133 1925
233 472
12 2001
40 425
259 359
297 3162
538 1350
507 3158
885 886
123 168
992 1560
178 180
1985 1987
561 563
431 433
1117 1317
72 1857
466 1038
451 713
1187 2300
409 609
1153 1154
218 220
3241 3242
202 205
1055 2094
2046 2047
1428 2688
209 1244
794 951
420 707
56 1099
184 187
229 1532
2477 2478
209 1177
3032 3033
100 1819
1581 1585
2490 2643
60 212
943 945
891 1211
1572 1573
438 1876
454 455
817 2175
1313 3075
2553 2554
2211 2223
698 699
67 69
80 83
61 80
1678 1679
999 1001
1941 1942
34 282
1103 2061
685 1428
1296 1297
330 364
1919 1923
1732 1733
60 2518
425 867
3 7
1268 1271
1534 1538
1065 1066
1940 1942
439 590
1788 2201
481 483
216 446
1040 1042
179 2217
7 890
760 1321
909 912
1058 1059
983 986
1291 1292
193 840
3129 3130
1354 2811
160 1358
105 516
35 942
1690 1694
2761 2768
2 104
1419 2876
504 2383
730 731
72 357
1489 1492
1332 1333
167 170
1004 1741
1957 1958
540 2810
294 3157
116 2452
1372 1373
273 1804
264 578
1112 2120
2018 2022
47 1011
357 1241
2597 2598
2264 2951
267 338
7 309
3092 3093
210 3256
394 1178
1000 1002
1386 2350
227 2388
1997 1998
44 46
610 611
116 117
139 588
1676 2982
1231 1232
1430 1431
2071 2072
3 74
312 314
3044 3045
60 259
2432 2433
1494 1495
2983 3004
2177 2179
1855 2058
209 403
259 2528
3206 3208
108 110
2030 2032
2242 2244
992 2609
418 851
82 3254
1094 1097
14 1121
455 1774
183 187
1412 1413
693 694
19 2881
60 1486
1103 2063
1094 1096
259 832
34 999
1428 2692
1519 2424
184 185
2953 2960
209 857
2070 2606
1104 1926
417 949
773 1558
1922 1923
142 830
1054 2748
345 346
170 1853
60 215
3035 3037
80 841
422 424
929 930
1121 1534
958 961
116 142
166 970
7 546
441 2385
22 26
917 919
129 130
1906 1907
755 1425
96 2449
909 910
417 418
152 387
910 912
275 406
363 554
1615 1618
1375 1376
469 470
1199 1200
259 3241
1858 3149
324 2346
12 2025
62 2639
2594 2604
163 165
2486 2487
2177 2178
2019 2022
2885 2887
227 360
2530 2531
106 542
64 65
971 973
589 2169
97 325
1152 1153
961 962
2242 2243
638 902
325 607
1762 1764
3035 3038
367 368
2583 2584
87 400
2447 2449
420 1563
2835 2837
1055 1439
974 1662
2353 2354
1748 2004
659 2512
445 447
1687 1689
532 533
2432 2435
1449 1450
475 556
7 564
1873 1876
2639 2640
646 648
574 1778
351 2554
2064 2635
2391 2495
209 1205
632 2035
288 289
516 518
2798 2799
2243 2312
2064 2637
2065 3175
892 897
3143 3144
543 728
278 279
229 2851
3113 3116
3154 3155
922 923
2021 2023
1419 2822
1535 2933
484 485
2788 2790
1099 1100
1281 1283
1842 1844
213 245
0 1848
2889 2892
2098 2100
96 2532
3098 3100
1024 1025
968 969
2797 2800
25 472
229 722
14 1385
777 778
2219 2255
2890 2892
884 916
2964 2965
60 2407
302 305
2598 2599
629 1583
354 1985
810 813
401 2664
203 205
1653 1654
1598 1599
187 216
155 433
100 1820
1728 1729
2341 2342
24 26
1133 2935
626 627
5 148
2236 2328
428 429
1895 1896
632 978
228 3237
388 391
183 185
1407 1409
1432 2157
2044 2046
73 1948
1042 1043
769 1200
2020 2021
2254 2255
867 1599
2145 2146
227 1107
1405 2611
2454 2455
1031 1033
357 2682
2771 2914
8 540
1428 1649
475 555
1761 2278
1401 1403
2284 2285
363 1725
363 1724
1100 1101
375 2445
546 1607
2 106
87 402
2913 2914
695 844
2490 2491
2696 2698
214 3147
2655 2656
324 2276
465 466
358 1307
464 522
1705 2884
409 2804
664 665
1181 1255
655 865
76 985
1074 1077
269 599
320 1107
230 232
184 188
358 3231
1036 1038
192 1233
3104 3105
1544 1552
94 924
967 2138
32 1257
168 1154
147 931
1368 1369
268 705
1498 1499
1878 1879
1376 2773
2705 2707
32 1337
2539 3180
982 983
60 214
728 729
8 813
7 245
1688 1689
294 3144
268 1872
106 2012
1539 1542
803 1198
1149 1150
2520 2523
82 1414
2766 2767
2298 2299
229 1533
1706 1708
1261 1263
2019 2021
2303 2304
390 626
94 707
429 430
850 851
157 162
1224 1227
904 908
984 985
1470 2936
85 2228
3098 3099
1752 3205
515 1089
543 1247
1362 1365
2395 2397
2973 2975
2578 2579
163 1667
1125 1443
2147 2148
1511 1514
1135 2427
216 601
289 2652
245 2080
622 2435
755 1822
857 1713
529 2113
0 211
159 160
2696 2697
251 272
1082 1083
1343 1344
58 60
1125 1441
116 1679
2 114
168 1152
1777 1779
638 849
225 3104
1253 1256
168 169
3206 3207
646 649
578 2679
2549 2550
28 2854
770 771
154 156
1965 1966
1163 2750
17 18
2637 2991
1023 1024
437 3153
77 609
28 1055
359 360
1554 1556
1302 1303
35 711
1939 1941
528 1843
1495 1496
910 911
20 1087
799 803
1862 1863
370 2999
465 941
2181 2185
1631 1632
1626 3201
678 1709
3018 3019
324 825
124 1419
1115 1647
2822 2823
2957 2958
35 932
97 1303
538 1392
1253 1940
227 1590
105 515
379 1429
1354 1355
1686 1687
1604 1605
71 73
231 429
763 2672
540 3070
863 865
289 2336
1189 2218
720 721
817 2174
1294 2150
2336 2338
542 2025
211 1951
1240 1241
2520 2522
788 791
928 931
3049 3051
1868 1869
690 742
577 578
768 3142
2139 2141
543 726
2264 2265
1096 1098
157 920
59 1251
1136 1138
72 74
457 1420
540 3069
759 848
2578 2580
630 915
145 146
839 840
8 233
646 1419
1523 2455
1807 1808
647 648
609 1423
2490 2941
1553 1556
1989 2391
7 3007
105 803
78 2374
1918 2833
455 573
465 2361
3149 3150
647 650
3240 3242
2540 2541
125 693
1075 1076
2938 2939
2514 2516
60 644
2713 2715
160 1054
2187 2188
841 842
695 1723
2513 2514
895 897
273 967
439 2343
3166 3167
2362 2366
417 1265
877 880
2799 3102
1430 2854
1804 1805
401 1525
2678 2838
3 4
399 420
589 2003
632 1413
1696 1697
482 1767
285 287
199 1775
1500 1764
1419 1928
720 722
262 265
216 269
1634 2946
2159 2160
2250 2251
1364 3026
267 270
28 107
216 2940
1604 1606
405 407
858 1545
2085 2086
207 208
578 1587
2273 2274
2127 2130
2070 2072
1783 2333
2464 2576
202 204
485 486
3146 3147
32 1925
335 338
3244 3246
747 1651
2146 2147
1703 1704
892 895
1374 1375
2464 2575
1753 2121
56 2165
139 935
160 226
542 2006
130 1640
139 871
2460 2461
1202 1204
399 2082
294 1399
1070 1071
1187 2301
392 396
727 730
725 3253
156 2708
540 2817
1003 3201
76 1800
961 2622
163 746
2624 2627
2427 2428
634 635
451 714
920 921
245 2216
2733 2734
110 2274
77 756
211 1950
399 2083
1594 1595
82 2459
1918 2771
661 662
1356 1711
352 354
2690 3242
1510 1513
1811 1813
1605 1607
1264 2064
1204 1732
30 32
163 300
1012 1014
439 440
2146 2148
164 165
1330 1333
984 1015
596 2483
570 2313
2135 2247
229 2075
1801 2877
857 2659
576 1669
146 2665
692 1788
769 771
269 270
737 738
543 2750
1640 2830
882 1446
106 2419
77 163
1396 1397
1439 1566
87 401
3130 3131
442 602
2882 2883
1225 1226
28 31
2789 2791
259 791
540 2073
755 1427
1305 2439
464 731
2789 3023
1334 1336
177 1879
47 1246
1205 1713
259 1580
2174 2176
227 658
2244 2245
2645 2647
366 1590
1273 2668
2304 2305
2370 2371
1305 2441
222 223
227 357
493 845
838 2323
1354 1524
446 1107
731 1286
3048 3049
1419 1927
787 2929
755 1540
144 406
420 1903
532 546
457 694
2284 2286
28 30
1658 1659
327 3159
170 2260
345 464
32 1258
1032 1033
2971 2972
1269 1271
799 800
297 3163
994 996
136 138
2656 2657
1057 1059
1846 2311
1253 1943
588 1441
358 2229
1738 1739
406 1710
112 1826
2943 2944
2835 2836
269 1057
2850 2851
2507 2509
1535 2734
62 2802
804 1103
455 680
76 78
273 331
71 72
759 847
1535 2735
24 1684
1619 1620
245 889
187 1532
2020 2888
227 3212
2624 2625
34 284
152 1929
2475 3179
2464 2465
105 1583
2303 3163
932 935
1191 1192
2939 3018
1783 2332
527 1570
1055 1846
1959 1961
35 892
1848 1849
248 955
40 458
2767 2769
19 229
1328 1329
66 229
225 1364
168 1156
2532 2533
1361 1364
1235 1236
1500 1611
336 2227
1405 2613
2956 2957
2139 2142
2010 2013
2985 2987
132 2056
152 172
2309 2311
607 1761
755 1055
577 579
5 283
1444 1445
546 558
692 1385
330 950
787 1470
438 1875
2142 2825
7 9
62 1316
417 1266
1967 1968
12 546
421 1187
2190 2643
1309 1310
1124 1850
661 2225
2751 2754
2012 2013
99 1918
2364 2366
272 2087
632 1414
1523 2454
2146 2401
707 927
7 398
154 507
744 745
768 2415
61 1470
999 1002
1452 1455
264 289
34 35
1120 1909
1905 1906
2783 2907
139 1564
1988 1990
14 1384
2159 2720
600 1318
1493 2322
8 579
2007 2009
232 747
1969 1970
370 2376
356 916
2069 2070
2179 2180
280 283
5 145
2181 2184
211 1952
750 755
451 1006
1099 1942
2657 2658
2295 2296
2018 3167
616 617
76 1799
1331 1650
2894 2895
324 2262
2087 2089
1 3
3058 3060
1949 1950
2701 2706
116 824
1634 2948
48 2109
2302 2305
2354 2355
540 813
375 2818
2045 2046
12 2026
961 2620
400 401
1054 2749
600 1319
790 791
149 150
1421 1544
1213 1485
1331 2446
2779 2782
598 1202
7 1077
1878 1880
801 803
73 755
1073 1077
630 1844
1121 1123
139 141
1256 1710
2761 2769
327 493
267 359
139 143
394 396
714 716
2614 2616
1587 2678
845 846
990 991
60 1237
254 1795
2406 2407
187 2289
655 866
571 988
543 1248
3043 3044
498 856
2306 2307
1238 1296
7 1278
509 727
2611 2612
2313 2730
464 1872
2265 2560
294 1800
2963 2964
2682 2683
170 2484
7 557
809 812
1959 1960
166 1277
417 1428
1366 1369
378 2053
880 1890
3083 3085
213 641
1560 1893
921 923
105 106
1247 1249
3139 3141
1050 1051
1152 1154
561 626
490 828
380 784
77 1867
526 527
294 2899
1001 1002
1104 1105
403 404
2659 2661
2530 2533
951 1973
35 3200
229 2853
1188 1189
5 2632
1747 2366
166 995
943 2989
817 2322
858 2368
7 417
1996 2678
1873 1875
1189 2220
1406 1408
525 1815
1180 1181
1087 1088
1752 3204
2434 2435
1039 1043
273 1266
2122 2126
227 3211
171 173
1102 1103
653 655
951 1003
937 940
245 2215
1362 1364
1358 1360
141 2205
76 983
2298 2300
1029 2774
1584 1585
858 3208
2950 2951
2159 2161
202 398
35 36
3145 3146
1739 1740
2633 2903
289 2651
684 687
32 1333
1555 1557
532 572
1519 2421
675 1048
2317 2320
1026 1027
538 1391
3244 3245
659 2510
60 588
2173 2176
707 926
2218 2221
497 2663
390 1119
2408 2409
701 794
2851 2852
576 891
132 322
2566 2567
328 670
504 1298
1006 2561
272 275
1745 1746
2148 2663
509 2002
659 747
1039 1040
2191 2193
1124 1147
90 92
44 45
2246 2892
2851 2853
166 2416
2925 2926
405 406
2134 2135
960 961
1181 1254
54 55
157 229
1293 2154
191 3219
146 147
688 690
1978 2624
231 803
607 608
546 1603
105 227
1676 2983
866 1444
865 866
99 101
423 424
105 1545
79 184
126 127
125 2102
861 1326
2097 2100
308 309
711 2259
806 2392
494 495
1762 1763
1201 1204
269 1059
632 980
2210 2211
235 858
547 1027
961 2621
2092 2093
161 1474
296 763
1634 2947
457 459
1911 1914
152 1419
259 700
3071 3072
626 2091
3079 3081
2956 2959
893 2918
577 775
72 249
2185 2280
1029 2418
259 1359
1006 2258
267 1324
156 2709
1103 1912
2161 3072
1563 1564
160 1499
0 160
69 94
1031 2384
2099 2102
914 915
974 2516
417 1649
2074 2077
1230 1233
629 2246
2764 2765
1656 1657
546 1244
2976 2977
2316 2317
1243 1328
893 2915
637 638
493 2028
60 1046
2783 2859
1695 1696
206 207
948 949
48 1999
357 2393
2030 2031
314 592
1205 1714
1569 2594
40 416
306 324
2363 2366
768 889
330 2744
493 494
3209 3210
264 266
2426 2427
399 707
103 1444
1428 1429
2313 2599
242 2034
802 803
1986 1987
2907 2908
2236 2329
1178 1179
1950 1951
1273 1663
1306 1307
2395 2396
546 977
420 1564
1174 1175
1730 1731
139 556
166 2417
465 1140
2185 2281
144 147
91 93
2473 2475
172 229
511 513
273 326
343 345
439 748
1866 1867
134 1789
160 1480
35 3198
303 2781
598 1201
64 1736
1770 1771
830 832
412 413
1063 1064
464 579
105 517
334 922
31 32
1112 2413
533 534
216 2823
2789 2995
1130 2828
3007 3008
2175 2553
209 1342
2040 2042
154 708
1532 3142
2836 2837
507 872
1864 1865
542 2009
161 1475
596 2508
14 692
1860 1863
1693 1694
884 885
2365 2366
596 597
245 2607
2222 2224
19 2880
467 468
2701 2702
1432 2156
216 2289
22 24
786 787
576 1393
14 1676
179 1099
116 119
2066 2068
928 929
3063 3066
827 828
1748 2005
2604 2605
227 2390
714 717
568 1369
61 557
2547 2763
32 133
358 833
321 322
562 563
763 765
294 295
233 2811
1265 3021
173 174
245 2606
2856 2858
40 869
2185 2196
2685 2686
646 1929
1746 1747
1406 1409
2025 2026
139 144
1364 1641
596 2507
763 2911
1301 1544
69 268
107 1064
7 3009
263 265
842 1406
2213 2214
1006 2562
1580 2925
574 576
448 450
1662 2882
2725 2726
478 2307
1962 1964
2293 2294
880 2776
1034 1036
296 297
1915 1916
5 61
1751 1752
360 503
2228 2229
817 1281
1106 2155
1076 1077
425 1863
111 2535
466 1147
351 2175
772 775
2636 2637
116 2451
99 102
7 418
3039 3040
685 1649
166 1354
259 773
814 815
2340 2342
1370 1373
2799 3094
590 591
297 3164
1277 1278
2051 2052
2834 2835
5 1849
1071 1072
402 762
953 2240
813 2073
2770 2771
1286 1837
357 2683
1124 2248
1574 1576
2234 2237
267 842
2402 2404
1366 1367
1953 1954
750 753
2064 2636
2799 3103
2011 2012
2681 2684
335 336
2759 2762
85 2229
80 1747
380 381
2317 2318
441 2387
640 641
858 1466
157 159
378 493
2225 2227
1890 1891
1519 2422
3064 3066
493 695
1620 1621
2846 2847
1453 1454
235 236
227 1396
229 2384
903 907
539 540
1161 3261
1695 1697
2962 2965
0 229
497 2148
1264 1419
1500 1610
7 311
336 337
229 2077
3136 3137
1053 2037
14 1383
2060 2302
1044 1047
491 1068
3023 3025
484 486
441 561
1752 1753
578 1679
2956 2958
999 1000
1000 1001
1279 1280
2225 2226
35 943
13 1417
387 2758
1798 1799
882 2143
589 2168
1135 1381
1889 2795
1871 2106
452 454
7 3010
2402 2403
1060 1653
1044 1045
2980 2981
2700 2704
1040 1043
227 3210
40 1081
636 638
267 1141
34 280
1272 2451
390 2093
643 645
959 960
2766 2769
19 2857
1862 2524
2369 2372
723 768
968 1603
2868 2869
2061 2062
106 2010
1032 3172
1112 2412
1475 1476
2692 2693
2185 2282
794 1972
1449 1757
225 2957
560 1299
315 1338
3048 3050
66 69
344 347
275 409
1195 1196
983 985
491 1067
1181 1256
95 1172
209 1664
743 744
581 583
260 452
60 156
2266 2267
2893 2894
1411 2806
373 376
7 559
229 2540
48 2107
800 801
2614 2615
2178 2179
177 737
458 459
210 638
1386 2349
670 2259
451 717
1814 1815
192 558
1912 1914
1005 1006
73 1985
112 231
976 977
160 451
1138 1139
2567 2568
974 2016
538 540
909 913
171 172
3 8
494 496
301 1902
967 1803
262 266
1173 1175
460 463
2612 2613
392 394
73 1717
60 2437
1305 1306
62 304
82 824
2504 2505
1553 1634
60 1484
473 474
707 924
3042 3044
2069 2072
504 1222
1143 1145
663 666
245 1478
2678 2839
2357 2358
20 1088
2421 2424
2065 2814
107 1471
598 1203
2220 2221
2103 2106
619 620
229 2541
365 898
817 3238
1811 3246
1135 2426
787 2020
1213 1504
2733 2735
320 1109
2957 2959
858 2463
495 496
312 1078
1788 1790
202 345
2371 2372
1204 1733
3157 3158
378 2031
1122 1768
132 319
1060 1680
2036 2037
310 311
1281 1284
695 1963
269 1109
2662 2663
394 1179
3165 3167
1944 1948
1036 1037
302 303
1115 1117
1176 1434
622 2438
2108 2110
3089 3091
2904 2905
208 245
96 1134
1691 1693
1566 1570
2688 2821
867 2978
1676 1677
2270 2272
2479 2486
7 2453
1574 1575
202 313
692 885
199 1626
327 1035
166 972
867 2976
2884 2886
988 989
857 2661
2118 2119
1946 1948
35 58
60 63
592 609
1142 1144
1535 2733
1811 3172
692 1789
1055 1845
209 577
2352 2353
2389 2390
2790 2791
152 2567
80 82
357 1242
772 774
1256 1679
1632 1634
378 1141
243 998
19 21
273 274
2100 2102
216 659
363 364
305 652
1131 1133
0 1847
238 2392
713 1151
1069 2066
60 163
475 478
2070 2071
370 2378
8 1181
14 401
2091 2092
1669 1886
301 1900
190 193
2791 2792
60 61
298 299
1930 1932
385 386
815 983
2181 2183
1456 1460
7 310
160 227
1877 1878
1490 1491
567 569
2937 2939
378 1353
478 2306
1869 1870
1084 1086
2740 2741
425 427
877 879
12 977
661 2226
459 877
48 2595
324 2292
725 729
2119 2120
784 785
60 744
1226 1227
988 1930
77 2064
632 1412
773 774
2393 2394
1615 1617
1108 1109
1942 1943
2521 2522
14 15
2029 2031
4 5
858 1536
2236 2237
474 2470
1324 1695
1416 1417
861 1176
290 293
894 895
116 1256
98 99
2784 2815
271 273
1299 1664
1524 1527
2692 2694
394 1127
304 1591
1857 1858
1634 2775
453 454
243 1164
1635 1637
3018 3075
2467 2469
789 790
493 674
2569 2570
60 370
2788 2791
541 2902
60 2142
260 455
216 2290
453 455
978 981
1125 1126
1787 1789
1945 1946
493 2236
520 522
1780 1781
465 938
218 1261
160 1303
0 228
1183 1433
3063 3119
14 2982
123 169
1829 1830
548 549
1720 1722
3187 3189
2865 2866
60 1197
2364 2365
82 2168
107 1597
145 148
1657 1659
86 88
1211 1212
1090 1507
1197 3260
724 725
212 213
1554 1555
1235 1579
1182 1184
220 2351
7 8
2761 2766
3078 3079
901 1019
2015 2016
1468 1574
213 243
395 396
829 2403
2376 2378
285 807
73 1946
574 575
831 832
857 2125
630 1461
2746 2747
925 927
3130 3132
1118 1119
2018 3249
14 1120
509 989
2700 2702
1679 3060
2670 2671
348 2969
729 731
1363 1365
227 629
924 927
1013 2602
3221 3223
893 895
3059 3060
462 1147
1444 1462
654 656
1228 3049
659 2511
125 2100
401 2150
1294 1331
1477 1480
674 675
1845 2261
464 1133
325 3168
2445 2819
1177 1664
2969 2971
1735 1737
73 1782
380 2001
362 1295
116 826
827 1816
40 1239
32 1411
294 742
1296 2266
858 1465
541 2742
2989 3001
82 1415
1358 1359
390 823
1 4
209 229
1394 1660
142 832
272 2088
1313 3037
596 598
1187 2298
2632 2633
420 1819
1030 1033
245 891
2082 2083
226 228
1277 2416
546 1605
2129 2130
0 557
1027 1028
177 511
294 1398
1732 2096
1084 1823
420 1104
466 590
3231 3232
202 312
2156 2157
1944 1945
1473 1475
2760 2762
1286 1289
393 394
268 593
2159 2678
482 851
1073 1473
84 87
1628 2519
259 3242
170 1439
90 91
60 179
2906 2907
1955 1957
62 1314
207 211
1610 1611
272 1441
2177 2180
132 2055
62 259
701 828
1716 1718
1918 3128
543 2866
2450 2451
83 2027
527 1571
31 1215
1609 1611
7 769
2619 2622
1821 1822
1423 1424
529 2114
2178 2180
2487 2488
1713 1983
1697 1698
259 1715
2678 2713
1747 1844
714 1766
410 2676
1253 1941
60 2368
248 956
2928 2930
3042 3045
132 133
466 1035
259 2640
1073 1076
2105 2106
77 623
206 1055
1235 1543
1513 1514
245 1907
1166 1168
983 984
1844 2366
1723 1725
2158 2581
2797 2799
2114 2115
667 669
588 1125
1135 1382
160 1360
1479 1480
1313 3073
163 166
725 728
2491 2492
1736 1737
1130 2094
2798 2800
520 523
2380 2382
2170 2171
114 115
1345 1347
1432 2158
211 815
139 293
2776 3226
185 188
511 736
300 1175
1728 1730
1014 1015
96 3262
774 775
451 952
212 214
1420 1421
8 1180
889 890
1176 1435
1625 1626
2186 2187
40 73
545 1209
726 731
1255 3136
91 92
2374 2375
804 805
166 994
1976 1977
358 632
548 2787
23 768
278 2083
34 1001
308 311
640 2150
2189 2190
1039 1042
378 609
298 576
219 220
73 1781
731 1265
2561 2563
596 2481
313 314
77 625
259 361
139 934
35 2737
1868 1871
1235 1580
958 960
880 1891
1390 1392
8 2072
837 839
378 379
82 83
2761 2767
123 530
12 15
2910 2911
1323 1324
163 1119
418 988
1311 1313
60 341
1973 1975
2629 2630
1135 2512
1944 1947
1789 1790
358 546
2799 3090
658 1161
2633 2905
713 715
529 531
910 913
2594 2595
229 721
1004 1739
945 946
2182 2183
1181 1253
546 1461
146 2664
817 1284
1099 1940
211 692
410 2223
1691 3140
1253 2845
312 1079
1055 1243
3055 3057
2685 2688
707 708
1838 1839
3203 3205
1834 1835
410 413
2000 2001
1524 2581
1936 1938
1536 1574
144 408
684 685
3217 3218
1031 1032
345 1580
92 93
551 552
692 1111
1128 1354
2161 3071
1691 3141
602 605
2359 2361
1228 3051
273 294
938 939
3204 3205
1096 1238
796 798
229 302
1327 1328
761 762
496 701
1501 1502
60 667
98 1478
7 558
528 1842
73 2080
474 2471
795 798
1356 3013
14 682
309 310
89 90
588 589
2841 2843
2637 3043
2295 2297
1293 2151
17 20
2015 2017
160 1478
140 142
920 2465
1601 1602
229 2076
1871 2103
982 984
1439 3259
367 369
1386 1644
287 288
2604 3181
2047 2048
202 1572
1458 1459
231 1197
0 1519
2029 2030
2097 2101
1419 2875
2921 2922
285 579
312 313
511 514
66 1446
628 1835
2050 2606
294 296
1907 3053
56 1595
834 835
303 3222
1760 1761
1151 3000
1516 1517
547 549
2195 2672
1167 2214
417 947
184 1055
2473 2474
365 2966
294 2900
110 111
528 1844
967 969
998 2078
1889 2796
576 1213
889 891
1468 1575
992 1893
2678 2721
211 1111
911 912
350 351
1173 1174
857 2776
1745 1748
348 485
324 1251
231 1198
794 1974
697 1669
2783 2906
1107 1110
293 556
2805 2807